# Cq eta a c Ox Oy Oz
-0.3032 0.34700 7 4.0437613452 9.5128011415 -.2789696951 -.2789696951 .2522884609
-2.4536 0.00022 7 4.2927868892 8.5754876861 -.0156010620 -.0156010620 .3219744254
-0.3629 0.56504 7 4.3193135776 5.5570545063 -.2958433789 -.2958433789 .2086164738
-0.4837 0.97820 6 4.5602059388 4.5565738399 -.2078676717 -.2078676717 .3842627033
-2.6370 0.00177 7 4.5665122836 8.9357007054 -.0942014831 -.0942014831 .2697938779
-0.1073 0.01788 7 4.5107311623 8.3446075326 -.0344798119 -.0344798119 .4031597643
-0.2834 0.59826 7 4.5608315683 7.1292384113 -.2956877346 -.2956877346 .2522274239
-0.3846 0.24431 7 3.7861521652 9.1365964235 -.2038666951 -.2038666951 .3758640095
-1.7523 0.01001 7 4.0493169346 7.3986985384 -.1715567491 -.1715567491 .2862616657
-1.5031 0.03068 7 4.0197121493 8.8605397200 -.1330393383 -.1330393383 .3351340067
-3.3916 0.00147 7 4.4352302010 8.8389509266 -.0557664723 -.0557664723 .2633727835
-1.6353 0.05383 7 4.0722650226 6.5835216839 -.1619434186 -.1619434186 .3021496017
-1.2687 0.01202 7 4.4405105135 8.8045687740 -.1801538132 -.1801538132 .2584348887
-0.6986 0.08567 7 4.2883574327 6.9573276471 -.1346781822 -.1346781822 .3607024140
-0.7762 0.31007 7 3.9140057984 5.7365613271 -.2170690023 -.2170690023 .3640838648
-0.5202 0.24821 7 4.5460166630 5.1620595420 -.2683950315 -.2683950315 .2168991973
-0.3978 0.00524 7 4.4176375011 6.6276987523 -.0321634571 -.0321634571 .3867957396
-1.0331 0.24205 7 3.9415835443 5.5034823150 -.1610827967 -.1610827967 .3712007812
-1.6513 0.00032 7 4.3013454999 8.0853421130 -.1419843134 -.1419843134 .2958505813
-0.2058 0.28837 7 4.4077275306 7.5066425063 -.1700552385 -.1700552385 .3772190313
-3.6620 0.00547 7 3.9588258918 8.9494935454 -.0905209509 -.0905209509 .2583372295
-0.4874 0.44471 7 4.0676603900 6.1031710260 -.2512009033 -.2512009033 .2949350260
-1.0194 0.05326 7 4.0308984038 8.7064197213 -.1584185308 -.1584185308 .3373069246
-0.3959 0.32748 7 3.9793215124 6.2734826202 -.2949919125 -.2949919125 .3371055024
-1.1315 0.18344 7 4.1461143223 5.1700553916 -.2650257881 -.2650257881 .3591642811
-0.2906 0.61840 7 4.3751197240 5.7871350751 -.2976928006 -.2976928006 .2153854792
-0.7041 0.15479 7 4.4757709890 4.8592167425 -.2244850001 -.2244850001 .3221819513
-0.1929 0.12225 7 3.7905065461 9.1272013007 -.2619861445 -.2619861445 .3956522110
-2.7442 0.00847 7 3.8214126407 7.7277277446 -.1621448408 -.1621448408 .2696412854
-3.8503 0.00034 7 4.2561500289 9.3808696254 -.0216071046 -.0216071046 .2506831873
-0.4321 0.37428 7 4.2360548111 6.4126104012 -.2368083742 -.2368083742 .2830083925
-0.2120 0.02211 7 3.9790712606 8.3358120982 -.2162175359 -.2162175359 .3959940183
-1.0907 0.06401 7 4.5604561906 6.1937240215 -.0995208594 -.0995208594 .3311666005
-0.2189 0.28819 7 4.4266215399 7.1284388259 -.2647511215 -.2647511215 .3628936429
-1.5510 0.00352 7 4.5912872096 8.6948257399 -.1677938169 -.1677938169 .2423150120
-1.3366 0.00084 7 4.1116796776 8.8085666988 -.0209753715 -.0209753715 .3806859340
-1.7408 0.01748 7 4.1157337565 6.0118184459 -.0633106479 -.0633106479 .3506862392
-3.3750 0.00682 7 4.2585524459 8.9948699916 -.1027619250 -.1027619250 .2486628620
-0.1556 0.30758 7 4.5902862025 8.3536028630 -.2359935300 -.2359935300 .3004832911
-1.0821 0.27072 7 3.9856528824 5.1190818513 -.1899044770 -.1899044770 .3543789788
-2.6693 0.00158 7 3.9351520737 7.0138982823 -.0381603442 -.0381603442 .3389854426
-1.5984 0.00181 7 4.3391585436 7.1532259595 -.0438001647 -.0438001647 .3431969969
-0.4510 0.03834 7 4.4973176671 8.1213234356 -.1711813714 -.1711813714 .3268451796
-1.8231 0.00010 7 4.6001711477 6.8601780759 -.0053834650 -.0053834650 .3269611499
-0.1313 0.33429 7 4.3817263710 8.3192207105 -.2495529038 -.2495529038 .3134658650
-0.1637 0.28811 7 4.5070774864 9.5098026982 -.1887874995 -.1887874995 .3655670644
-1.3000 0.04565 7 4.0663340555 9.2143560598 -.1553422650 -.1553422650 .3209001739
-0.4859 0.03528 7 4.0015438702 8.3536028630 -.1677571947 -.1677571947 .3941445966
-0.4830 0.38987 7 4.0194869227 6.1809306623 -.2486739707 -.2486739707 .3217546922
0.1898 0.91983 7 4.5279484847 6.2788798182 -.2493057039 -.2493057039 .3122207098
-1.8012 0.01043 7 4.4289989318 9.1987641536 -.1445387127 -.1445387127 .2739566026
-1.2486 0.02407 7 4.2034970549 8.6806331069 -.1957274086 -.1957274086 .2664917752
-1.2390 0.15740 7 4.1452634662 5.6060290842 -.2968962675 -.2968962675 .3949685964
-0.1586 0.38125 7 4.4392342295 7.6609624018 -.2395550401 -.2395550401 .2850470290
-2.6342 0.00888 7 3.8996663715 9.5098026982 -.0807153538 -.0807153538 .3286762901
-1.6679 0.02392 7 3.8049210485 9.0640340897 -.1094363231 -.1094363231 .3678864711
-0.4266 0.13594 7 4.2884575334 9.3067081215 -.2319284646 -.2319284646 .2774601275
-4.1260 0.00047 7 4.0359785149 8.7402021854 -.0389843439 -.0389843439 .2391166722
-0.9349 0.11980 7 4.3443137302 6.5063617361 -.1845484786 -.1845484786 .2883247169
-1.6840 0.00313 7 4.5253458662 8.6232628870 -.1364177373 -.1364177373 .2785893124
-3.0683 0.00413 7 4.3942890102 8.8209602650 -.1440626239 -.1440626239 .2156052125
-0.3296 0.26516 7 4.4738190252 6.9573276471 -.1574938200 -.1574938200 .3596037476
-0.2090 0.29302 7 4.6027487410 4.6990998572 -.1706045716 -.1706045716 .3975748771
-0.1363 0.01306 7 4.2193129672 7.6819515068 -.2425031281 -.2425031281 .3529690237
0.0421 0.13964 7 4.4934137394 6.4991654718 -.0417401654 -.0417401654 .4025799127
-1.4805 0.00152 7 3.8867784050 7.3197395250 -.0562517166 -.0562517166 .3868079470
-0.9277 0.11729 7 4.0914343088 6.4963669247 -.1822687459 -.1822687459 .3258807947
0.0771 0.10530 7 4.4228177128 8.6192649622 -.2897824030 -.2897824030 .3399681386
-1.1752 0.02343 7 4.3627572862 7.2393812378 -.0943021942 -.0943021942 .3480250251
-0.6696 0.06210 7 3.7912322763 7.8216789763 -.2112186040 -.2112186040 .3576505630
-2.4286 0.00770 7 3.9662833948 6.3134618676 -.0494949186 -.0494949186 .3432092043
-2.1464 0.00057 7 4.4355054779 7.5258325456 -.0378398998 -.0378398998 .3185502487
-0.1962 0.11614 7 4.1886320993 7.1534258557 -.2460188604 -.2460188604 .3554593340
-0.2403 0.75154 7 4.2421109042 6.4753778198 -.2519058809 -.2519058809 .2936715598
-2.4984 0.00948 7 4.2728668477 8.9800776700 -.1671346171 -.1671346171 .2268482314
-0.7285 0.00006 7 4.5025729544 9.2077594841 -.0048432874 -.0048432874 .3754794763
-0.3018 0.17753 7 4.2799990233 7.4334804839 -.1734336375 -.1734336375 .3741976989
-1.2644 0.01934 7 4.1073252967 8.2608510090 -.2083529160 -.2083529160 .2581663258
-0.1096 0.23190 7 4.1428860743 7.6635610528 -.2490768150 -.2490768150 .3703767815
0.4793 0.72383 6 4.2859800408 3.6432479327 -.2540299691 -.2540299691 .3955850703
-2.8745 0.00330 7 4.4365565354 7.6975434130 -.1147556993 -.1147556993 .2509273354
-0.7519 0.18678 7 4.3497692190 6.2704841762 -.1913327433 -.1913327433 .2972422254
-0.2969 0.11771 7 4.3232425305 8.0979355760 -.1975310525 -.1975310525 .3399864497
-0.9056 0.01500 7 4.1010940274 7.9230263685 -.2029145176 -.2029145176 .2956064333
-1.6977 0.02926 7 3.8148810692 5.8622960605 -.0771996215 -.0771996215 .3778049867
-1.0398 0.15622 7 4.3486931363 5.5398634300 -.1319040498 -.1319040498 .3351950437
-1.4148 0.10939 7 4.2283470564 4.9997437974 -.2789147617 -.2789147617 .3485133213
-1.6973 0.00262 7 4.4321771293 6.9511308637 -.0394054994 -.0394054994 .3331808221
-0.4293 0.07183 7 4.3250693685 7.7299266032 -.1529251991 -.1529251991 .3678681600
-3.5350 0.00388 7 4.3860557267 9.2603321945 -.0778771324 -.0778771324 .2466669515
-0.6144 0.42464 7 4.0223147678 5.7403593557 -.2695211645 -.2695211645 .3488307138
-1.7044 0.00424 7 3.8114776451 7.2649679560 -.1993072298 -.1993072298 .2847967772
-3.0869 0.01196 7 4.2798238471 9.0348492390 -.1434583574 -.1434583574 .2227526474
-0.2667 0.64543 7 4.4759711905 7.3097447130 -.2992584002 -.2992584002 .2497615283
-0.7088 0.11463 7 3.8251413921 8.5105214089 -.2587176122 -.2587176122 .2709230628
-0.8410 0.04982 7 3.9459379253 8.9448959321 -.1303292946 -.1303292946 .3834753257
-0.0955 0.08600 7 4.2825265663 9.1525881228 -.2426496169 -.2426496169 .3587309183
-2.4424 0.01233 7 4.2485674001 7.3933013403 -.1549485762 -.1549485762 .2480219733
-0.6022 0.06981 7 4.5359565416 7.4450744654 -.1608264412 -.1608264412 .3176957304
-3.9704 0.00058 7 4.1499932248 8.7697868284 -.0407330545 -.0407330545 .2436761375
-1.3500 0.01594 7 3.8960377208 7.7501161234 -.2126468703 -.2126468703 .2765201574
-0.1416 0.00848 7 4.3711407208 6.9911101111 -.0573778496 -.0573778496 .4015911130
-0.9258 0.01895 7 4.6037997985 7.9536104924 -.1964506973 -.1964506973 .2364371471
-2.5146 0.00000 7 4.2443631702 7.1668189033 -.0023804437 -.0023804437 .3242694174
-3.3198 0.00019 7 4.2651841181 8.2056796477 -.0378765221 -.0378765221 .2843939329
-0.6772 0.38062 7 4.0258433179 5.6875867492 -.2202642902 -.2202642902 .3538540604
-0.6257 0.37920 7 4.1487669911 5.7313640252 -.2601184118 -.2601184118 .3890357982
-0.1823 0.29367 7 4.1251932736 7.3974991613 -.2404614398 -.2404614398 .3268634907
-0.5983 0.12766 7 4.4232681660 4.5079990543 -.2055055390 -.2055055390 .3817846003
-2.0103 0.03187 7 3.9091509139 9.4504335159 -.1402813806 -.1402813806 .3172745750
-2.9871 0.00782 7 3.9433102816 4.0366437276 -.2725333414 -.2725333414 .3764133426
-0.9209 0.07383 7 4.0908337045 6.9383375045 -.2088656269 -.2088656269 .2872260505
-0.1422 0.24874 6 4.4516717428 3.9460907322 -.2766075624 -.2766075624 .2571958372
-1.9386 0.00115 7 4.2502691121 8.4093739129 -.0335276345 -.0335276345 .3416222418
-1.1553 0.19312 7 3.9498919034 5.6288172554 -.2352061525 -.2352061525 .2728091067
-0.2132 0.11902 7 4.1022451857 7.5290308851 -.2416333506 -.2416333506 .3439782708
-0.1488 0.07711 7 4.1242673421 7.8360715055 -.2364787743 -.2364787743 .3432275154
-0.3005 0.00884 7 4.0317742850 9.0828243361 -.2046266060 -.2046266060 .3835851924
-0.2028 0.15556 7 4.5719177220 8.7244103830 -.1528427991 -.1528427991 .3780125125
-0.6435 0.00785 7 4.5245200353 8.4613469348 -.1421582689 -.1421582689 .3354330881
-0.3673 0.36557 7 4.0851029389 6.4310008552 -.2270393993 -.2270393993 .3815282448
-2.5895 0.01035 7 4.5831290016 7.2911543628 -.0978545487 -.0978545487 .2678345896
-0.9939 0.03618 7 4.4414614703 5.9384565267 -.0590166936 -.0590166936 .3644683980
-1.7062 0.00423 7 4.2137573778 8.1523073526 -.0659932248 -.0659932248 .3443078707
-0.2881 0.02830 7 4.0414590288 8.3326137581 -.2038941618 -.2038941618 .3814916226
-0.3606 0.45501 7 4.1762946866 6.1963226724 -.2987182225 -.2987182225 .3340170293
-2.9983 0.00388 7 4.4027975707 8.4367596974 -.1023499252 -.1023499252 .2580381481
0.1430 0.15408 7 4.3068510390 9.2343456832 -.1465163121 -.1465163121 .4024273201
-2.4778 0.00500 7 4.4543994872 6.9219460130 -.0546494949 -.0546494949 .3010448316
-0.1701 0.07760 7 4.0030704061 8.5594959875 -.2419354838 -.2419354838 .3735934324
-0.5319 0.11232 7 4.2081016876 7.0998536644 -.1775261696 -.1775261696 .3480677510
-1.7325 0.05167 7 4.1177607958 5.6244195382 -.0815576647 -.0815576647 .3504542985
-2.1474 0.00140 7 4.2161097445 7.7027407149 -.0720450453 -.0720450453 .3245196691
0.0118 0.44440 7 4.4323022552 8.5441039768 -.2267281105 -.2267281105 .3758518021
-0.1279 0.87087 7 4.2581270180 7.4390775782 -.2846095156 -.2846095156 .3761325724
-0.8537 0.07155 7 4.0340265510 6.8517824339 -.1731772820 -.1731772820 .3475916623
-0.2350 0.71386 7 4.5413870051 7.6349758906 -.2292184209 -.2292184209 .3873572801
-1.3592 0.00916 7 4.1357038483 8.2600514243 -.2253639332 -.2253639332 .2133590502
-0.5669 0.05103 7 4.3769715872 7.6075901061 -.2402874843 -.2402874843 .2184983672
-1.4790 0.02230 7 3.8082994476 6.0845806758 -.0761650440 -.0761650440 .3879066133
-0.1393 0.08246 7 4.0863541977 9.3348934907 -.2571153904 -.2571153904 .3367026581
-0.4225 0.41585 7 4.5397603686 5.5092793060 -.2633869441 -.2633869441 .2629150059
-0.5211 0.05784 7 4.0427603380 9.3774713891 -.1141514328 -.1141514328 .4055707266
-1.4475 0.02491 7 4.1739923703 9.2765237893 -.1203131199 -.1203131199 .3311971190
0.2006 0.90461 7 4.5378834802 6.1567432179 -.2422559282 -.2422559282 .3504909207
-0.3477 0.45631 7 4.5488445081 7.6095890685 -.2330271309 -.2330271309 .4000957060
-1.3594 0.05070 7 4.1093523361 6.5987137978 -.1169072542 -.1169072542 .3504115726
0.1818 0.71261 7 4.4335785393 6.3726311538 -.2197607348 -.2197607348 .3900368053
-0.8747 0.09040 7 4.1093273109 4.3572772919 -.1914334543 -.1914334543 .3913429975
-0.2676 0.25195 7 4.1386818445 6.6690772730 -.2979583116 -.2979583116 .3811376079
-1.1418 0.00387 7 4.0204629047 8.3891843933 -.0434247871 -.0434247871 .3942849818
-0.2082 0.14721 7 4.1920104982 7.7521150858 -.2021271401 -.2021271401 .3758762169
-0.5429 0.04628 7 4.4992195806 9.2343456832 -.2105685598 -.2105685598 .2665100863
-0.4497 0.08161 7 4.2086021911 8.4701423691 -.2608966338 -.2608966338 .2225084994
-3.5721 0.00078 7 4.1964149296 8.4777384264 -.0515549180 -.0515549180 .2694398632
-0.3070 0.05615 7 4.4233432416 8.4685431990 -.1169621875 -.1169621875 .4012187871
-0.7800 0.00947 7 4.4313262733 8.7294077886 -.1468825342 -.1468825342 .3310323191
-2.0090 0.00673 7 4.2123559678 7.6397734007 -.1421765800 -.1421765800 .2870002136
-2.0936 0.00131 7 4.2021456953 7.3917021703 -.0874996185 -.0874996185 .3202653889
-2.1896 0.00018 7 4.1155085299 6.9939086582 -.0127903073 -.0127903073 .3454492629
-2.5478 0.01327 7 4.1030459913 8.2644491415 -.1400158696 -.1400158696 .2714784997
-0.5492 0.07802 7 4.5861820733 7.4834545428 -.1827539902 -.1827539902 .2912117679
-3.6956 0.00010 7 3.7853513595 8.6610432758 -.0157109286 -.0157109286 .2914009826
-0.2075 0.12893 7 3.9062479933 7.2551730402 -.2530777916 -.2530777916 .3866553544
0.7125 0.57360 6 4.4615066377 3.5756830046 -.2885280922 -.2885280922 .3916725974
-0.1985 0.13340 7 4.2129565721 9.0112614832 -.1892818994 -.1892818994 .3947549668
-0.2485 0.16781 7 4.2707397076 6.7784205148 -.2321573534 -.2321573534 .4057660451
-3.0849 0.00448 7 4.2209145786 8.4469544056 -.0916013061 -.0916013061 .2753116245
-0.3454 0.47251 7 4.5970179753 5.7867352827 -.2033631397 -.2033631397 .3291645863
-0.5452 0.04916 7 4.5171626331 7.7057391588 -.1170628986 -.1170628986 .3614470656
-1.4101 0.10035 7 4.1565247962 4.6107457204 -.2443617053 -.2443617053 .3037976012
-0.1971 0.60004 7 4.4900853907 6.5737267680 -.1581163975 -.1581163975 .3940164189
-2.5968 0.03435 7 3.9183601793 6.1005723751 -.1002624591 -.1002624591 .3203264259
-1.4992 0.02989 7 4.3113555710 6.7916136662 -.0954283272 -.0954283272 .3360617694
-0.2696 0.92995 7 4.3267460554 5.9462524802 -.2347575304 -.2347575304 .3685517746
-0.8970 0.26034 7 4.0627304299 5.5772440265 -.2172887355 -.2172887355 .3169754936
-0.7828 0.04635 7 3.9518438672 7.1084492025 -.1173284096 -.1173284096 .4060651264
-0.6868 0.24180 7 4.4095043183 5.1522646261 -.2587450788 -.2587450788 .2355215918
-0.8478 0.00349 7 4.2138074281 7.9741998050 -.2305734427 -.2305734427 .2353262733
-0.0716 0.68874 7 4.0993923154 7.6209831544 -.2616840113 -.2616840113 .3845861995
-3.8682 0.00068 7 4.1639822991 8.3875852233 -.0753227332 -.0753227332 .2374625690
-0.2783 0.09132 7 4.2236423230 8.6620427567 -.1288186284 -.1288186284 .3858740806
-0.8968 0.30559 7 4.1218148747 5.1156836150 -.1752372813 -.1752372813 .3551541489
-3.9012 0.00064 7 3.8259171727 8.4657446519 -.0522507400 -.0522507400 .2635436872
-0.3303 0.11571 7 4.3788234503 7.5152380451 -.2232581560 -.2232581560 .2856635029
-2.9323 0.00450 7 4.5498455152 9.3444885104 -.1230689412 -.1230689412 .2339285256
-0.2268 0.90678 7 4.4864817651 7.5100407425 -.2957792901 -.2957792901 .3342550737
-0.8940 0.00039 7 4.2457145298 8.9740807828 -.0124881740 -.0124881740 .3901222571
-2.9645 0.02180 7 3.7842252265 6.4477921391 -.0945402386 -.0945402386 .3184892117
-1.1785 0.01085 7 3.9059226660 6.6205024874 -.0877193517 -.0877193517 .3861975768
-0.2678 0.80474 6 4.5748206426 3.6852261426 -.2777245399 -.2777245399 .3594633625
-1.4661 0.00659 7 3.9044962309 7.6867490163 -.1605517746 -.1605517746 .3328573259
-0.4206 0.46272 7 4.3332776268 6.0823818173 -.2838038270 -.2838038270 .3857581102
-0.3903 0.90012 6 4.5562519607 3.6974198132 -.2825403607 -.2825403607 .3623015839
-0.9127 0.03327 7 4.3781978208 7.4494721825 -.1345316934 -.1345316934 .3356039918
-0.6561 0.09077 7 3.9895568101 9.3480866422 -.2065401165 -.2065401165 .3371909543
-2.5290 0.00183 7 4.2733923764 8.2230706202 -.1486220892 -.1486220892 .2493281655
-2.0760 0.01745 7 4.0485661793 8.1203239541 -.1383129367 -.1383129367 .3001903134
-2.9717 0.00493 7 4.1150330515 4.2211479541 -.2952574236 -.2952574236 .3394615314
-0.3093 0.04812 7 4.1131561631 7.5152380451 -.2512283700 -.2512283700 .2843084810
-0.2919 0.08965 7 4.3469413738 8.3981797238 -.2123264259 -.2123264259 .3165543382
-1.6084 0.01322 7 4.3071263160 8.9341015354 -.2014496292 -.2014496292 .2179795525
-0.6330 0.07133 7 3.7963123874 7.7727043984 -.2866695150 -.2866695150 .2186814783
-1.8575 0.00393 7 4.2193379924 8.9351010169 -.0532944730 -.0532944730 .3428490859
-1.1479 0.03609 7 3.9592513198 7.1254403826 -.2233039338 -.2233039338 .2635681020
-0.0686 0.76214 7 4.2009695119 8.3486054574 -.2614368114 -.2614368114 .3586881923
-1.8425 0.07400 7 3.7975886714 6.0847805720 -.1688833277 -.1688833277 .3221331217
-2.3540 0.00034 7 4.5685393230 7.8624578085 -.0496230963 -.0496230963 .2989634693
-0.2964 0.07981 7 3.9673845026 7.6833507800 -.2577929013 -.2577929013 .3020885647
-0.2658 0.18133 7 4.2497686086 8.7713859985 -.2747581407 -.2747581407 .2202867519
-0.4191 0.07974 7 4.2062247992 8.2284678189 -.2414136173 -.2414136173 .2688722190
-1.0224 0.04050 7 4.0304980010 8.7869779047 -.2495803704 -.2495803704 .2094831995
-1.7842 0.00459 7 3.8451865595 8.7350048835 -.0501541184 -.0501541184 .3818090151
-1.6967 0.02551 7 4.4104552751 6.5415434740 -.0813837092 -.0813837092 .3260944242
0.2263 0.72077 6 4.0634061097 3.8991151160 -.2774315622 -.2774315622 .3524685201
-0.1933 0.80693 7 4.5135840326 7.1774134039 -.2315805535 -.2315805535 .3656158940
-0.1395 0.56521 7 4.4734436475 7.6665594960 -.2607684560 -.2607684560 .2549130527
-0.1580 0.28084 7 4.1897582323 8.4625463125 -.2626728110 -.2626728110 .2885871761
-0.2154 0.15598 7 3.8906573075 7.5488206123 -.2796655171 -.2796655171 .2951242408
-0.5942 0.01996 7 4.3130572832 8.7895765563 -.1555345316 -.1555345316 .3527370830
-0.3067 0.49255 7 4.4775477767 7.3335323650 -.1886135441 -.1886135441 .4003459578
-0.1880 0.27897 7 4.0918597368 8.8691352582 -.2432447279 -.2432447279 .3526089053
-0.2021 0.28510 7 4.1390572221 9.4664252145 -.2227179784 -.2227179784 .3730502029
-0.7452 0.26006 7 4.3135327616 5.6166235848 -.2729728080 -.2729728080 .3809789117
0.0558 0.02913 7 4.4568519546 8.3132238233 -.2553666798 -.2553666798 .3632720725
0.0932 0.17332 7 4.3155347757 8.6312587366 -.2813684499 -.2813684499 .3755954466
-0.4599 0.39398 7 4.4789992369 5.3869428089 -.2743003631 -.2743003631 .2436151005
-1.0451 0.09139 7 4.1184615008 6.5137578972 -.1509109774 -.1509109774 .3437646412
-1.2228 0.05554 7 3.8288451184 8.8343533133 -.1567247535 -.1567247535 .3541836603
-0.6183 0.18202 7 3.8666831873 6.4006166268 -.1793847468 -.1793847468 .4002727134
0.1150 0.61046 7 4.3638583940 7.7679068882 -.2799493392 -.2799493392 .3664459974
-1.2239 0.06662 7 4.3700646381 4.7634664452 -.2610248115 -.2610248115 .3404076052
-0.9582 0.00796 7 4.4341791435 8.0187766658 -.1910306100 -.1910306100 .2637695242
-0.0599 0.01139 7 4.5965925473 7.3783091226 -.0348368785 -.0348368785 .3915627307
-1.6345 0.05195 7 4.3059751578 4.7496736052 -.2768272957 -.2768272957 .3456873073
-0.9178 0.05724 7 4.0699126559 8.8783304855 -.2160069582 -.2160069582 .2817266151
-0.3955 0.15308 7 3.8379793084 6.6850689722 -.2662984099 -.2662984099 .3401390423
-0.1014 0.24136 7 4.4179378032 8.5770868561 -.1836054567 -.1836054567 .3888099612
-0.1881 0.71648 7 4.3569764701 7.5066425063 -.2845637379 -.2845637379 .2854437696
-1.9192 0.03475 7 3.9015182347 6.4070133063 -.1382946256 -.1382946256 .3253070467
-0.2741 0.64344 7 4.3266209295 5.9670416889 -.2951292458 -.2951292458 .2116378063
-0.4729 0.28602 7 4.3268211309 6.3694328136 -.1534928433 -.1534928433 .3653595385
-0.3299 0.59741 7 4.4049247108 5.4698997471 -.1667867061 -.1667867061 .3949502853
-3.2092 0.01325 7 3.9657078157 3.9908674891 -.2819544053 -.2819544053 .4002055726
0.4747 0.78980 6 4.5124078493 3.7252053900 -.2455793938 -.2455793938 .3902992645
-2.3591 0.02583 7 3.9425345011 6.1681373032 -.0876369518 -.0876369518 .3341085848
-0.2929 0.55522 7 4.4819021576 8.7559939884 -.2933896908 -.2933896908 .2726443067
-1.6837 0.00001 7 4.3445389568 7.1848095650 -.0039643543 -.0039643543 .3451623889
-1.8560 0.00551 7 4.0311486555 9.4278452409 -.0561693166 -.0561693166 .3593473921
-0.3089 0.56746 7 4.1972657856 6.4160086368 -.2728629413 -.2728629413 .2552609637
-1.0846 0.10180 7 4.1548230841 6.0621922977 -.1130985442 -.1130985442 .3641326944
-2.7045 0.00027 7 3.8741156651 7.5424239327 -.0633930478 -.0633930478 .3354697103
-1.3154 0.02606 7 4.1332764060 7.4216866057 -.2286965544 -.2286965544 .2086103701
-0.9370 0.03942 7 4.1561243934 8.6470505390 -.2101016266 -.2101016266 .2754764244
-2.5761 0.01128 7 3.9589259925 6.1879270304 -.0559129611 -.0559129611 .3364707174
-1.3114 0.05096 7 4.1394576249 6.6414915923 -.1182988982 -.1182988982 .3488490249
-0.4117 0.64355 7 4.1851035492 5.7243676571 -.1825067903 -.1825067903 .3958109073
-0.2013 0.19450 7 4.4778230536 8.8521440781 -.2576372569 -.2576372569 .2362540360
-0.2735 0.18986 7 4.5014217962 7.3791087073 -.1356028931 -.1356028931 .3814122745
-0.8403 0.06406 7 4.2562251045 6.9243447677 -.1213110751 -.1213110751 .3629363689
-0.2511 0.43887 7 4.4255454572 6.5749261457 -.1346873378 -.1346873378 .3952493667
0.1933 0.42428 7 4.5914874110 9.1280008854 -.2769646290 -.2769646290 .3775730460
-0.1399 0.15736 7 4.3461405682 9.0364484091 -.1236182744 -.1236182744 .3875709097
-0.7866 0.36481 7 3.9697618945 5.4914885406 -.2081606494 -.2081606494 .3726656697
-3.9204 0.00278 7 4.2835025482 9.1527880189 -.0707815790 -.0707815790 .2270374462
-0.3867 0.37014 7 4.5666374095 5.3661536002 -.2766533402 -.2766533402 .2090010071
-0.6473 0.04487 7 3.9862534866 8.3556018255 -.1776177251 -.1776177251 .3686738486
-1.1192 0.00400 7 4.4988692281 9.2969132057 -.0484237189 -.0484237189 .3511440168
-0.2759 0.25713 7 3.9623043916 9.4008592488 -.2489761039 -.2489761039 .3487208471
-1.6334 0.00307 7 3.9235153660 9.2163550222 -.0389019440 -.0389019440 .3836462294
-1.1668 0.04073 7 3.7925335855 6.0360058903 -.1019104586 -.1019104586 .3946878261
-0.2044 0.50416 7 4.5172627338 6.9619252604 -.1662556840 -.1662556840 .3701204260
-1.4049 0.14766 7 4.0629806817 5.1670569477 -.2709494308 -.2709494308 .3795018158
-0.0766 0.26423 7 4.2940381481 8.4599476609 -.1015350810 -.1015350810 .4078718222
-1.3013 0.03291 7 4.1437369304 9.1905684078 -.1336985381 -.1336985381 .3312642597
-0.2633 0.48153 7 4.5471427960 7.3935012365 -.2955870235 -.2955870235 .3516506241
-1.2825 0.02056 7 4.4275224463 4.5729653315 -.2512924588 -.2512924588 .3944253669
-1.1581 0.01526 7 4.4764216436 9.3177024144 -.2062837611 -.2062837611 .2188890041
-0.1026 0.10486 7 4.2396584368 7.9747994935 -.2125095370 -.2125095370 .3844213995
-0.8717 0.00753 7 3.9148816796 7.3559207438 -.2227912228 -.2227912228 .2970713217
-0.4535 0.17583 7 3.7961372111 8.6414534441 -.2645496993 -.2645496993 .3053174230
-0.2126 0.17369 7 4.1003933225 7.0740670493 -.2341074861 -.2341074861 .3788365123
-3.1565 0.00113 7 4.4652353892 8.1964844204 -.1057191686 -.1057191686 .2434136783
-0.3321 0.49922 7 4.5875084078 5.6977814574 -.2304269539 -.2304269539 .3619170506
-2.5730 0.00080 7 3.9263932614 7.4550692774 -.1043458357 -.1043458357 .3166947233
-0.4322 0.62226 7 4.1025204626 5.8297129741 -.2756645405 -.2756645405 .2978403881
-0.7944 0.06887 7 4.4851554306 5.0511171301 -.2422284615 -.2422284615 .4052289193
-0.5605 0.01788 7 4.3804250617 5.7063769955 -.0279244361 -.0279244361 .4044964751
-1.3644 0.00966 7 4.2124060182 8.3336132390 -.2129581591 -.2129581591 .2264698019
-3.6161 0.00036 7 4.4695397197 8.8731331830 -.0307443464 -.0307443464 .2560849635
-0.3615 0.55020 7 4.3770967130 5.7451568652 -.2886654255 -.2886654255 .2562497634
-0.6502 0.39989 7 4.0780208135 5.6438094731 -.2533341471 -.2533341471 .3640167241
-1.0454 0.01089 7 4.3705651417 6.2836773284 -.0493484298 -.0493484298 .3582487258
-2.4105 0.01407 7 4.2671611071 9.0176581627 -.1214117862 -.1214117862 .2789494308
-2.7851 0.01075 7 3.8784950711 6.5255517748 -.0656178472 -.0656178472 .3315328226
-1.6101 0.11323 7 3.9010177312 5.8537005223 -.1997375408 -.1997375408 .2892097537
-0.2769 0.27363 7 4.1910094912 6.6264993746 -.2915402691 -.2915402691 .3758151799
-0.1527 0.01045 7 4.2533472090 9.3280970188 -.2377147740 -.2377147740 .3314107486
-0.4596 0.42911 7 4.2777968076 5.0169348737 -.1768486587 -.1768486587 .3991435285
-0.3287 0.14813 7 4.2715154881 9.3252984717 -.2122531815 -.2122531815 .3269489425
-0.8660 0.01058 7 4.0423098849 9.4822170175 -.0578997161 -.0578997161 .4068464003
-1.8891 0.00057 7 4.4357807550 8.3424086740 -.0286019470 -.0286019470 .3296345713
-0.8705 0.14393 7 4.2512200689 6.4527895448 -.2017700735 -.2017700735 .2832891628
-0.6707 0.02820 7 3.8310973845 7.0502793973 -.1935941648 -.1935941648 .3750155949
-0.6971 0.11810 7 4.4722174137 5.9780359818 -.0966551713 -.0966551713 .3643768425
0.0449 0.13011 7 4.5505962705 8.6884290603 -.2088473158 -.2088473158 .3924538712
-3.2020 0.00003 7 4.5232938016 9.3496858122 -.0064821314 -.0064821314 .2776798608
-0.6275 0.01107 7 4.4797499923 7.0478806425 -.0720908230 -.0720908230 .3606596881
-0.3907 0.32853 7 3.9879051484 6.3044665371 -.2974272896 -.2974272896 .3532864162
-0.4053 0.04499 7 4.4239438459 7.7727043984 -.2479140598 -.2479140598 .2183457747
-0.5838 0.02511 7 4.4803505965 9.3942626730 -.1539323099 -.1539323099 .3374289986
-0.6837 0.00775 7 3.8920086671 7.4402769559 -.2020355845 -.2020355845 .3504298837
-1.4328 0.05629 7 4.2127313455 6.2796794036 -.1040345469 -.1040345469 .3438684041
-2.3996 0.00479 7 4.2751191136 6.7966110726 -.0519669179 -.0519669179 .3179581896
-1.7163 0.05270 7 4.1575258033 6.4445937990 -.1326548051 -.1326548051 .3157486495
-0.5397 0.01388 7 4.5945404827 8.6004747158 -.1283425397 -.1283425397 .3486842249
-2.8595 0.00983 7 4.2209145786 9.2413420520 -.1528519547 -.1528519547 .2320913113
-0.6262 0.00566 7 4.4924127322 7.9626058236 -.0822992644 -.0822992644 .3585355998
-1.1085 0.00418 7 4.5387093111 9.2381437119 -.0878658406 -.0878658406 .3415734122
-0.6360 0.04187 7 4.6035495467 7.7990907013 -.1554612872 -.1554612872 .3136550798
-1.6524 0.01054 7 4.0124798730 8.0269724116 -.1637562181 -.1637562181 .3055188451
-3.3367 0.00243 7 4.0281206091 8.7811809143 -.0584765160 -.0584765160 .2924691305
-2.6999 0.01375 7 4.1456138187 7.2565723140 -.1546372875 -.1546372875 .2457330851
-0.1899 0.24802 7 4.5386842859 8.1151266523 -.1747611926 -.1747611926 .3597014069
0.1774 0.89324 7 4.5120324716 6.5721275980 -.2521164586 -.2521164586 .3299031342
-1.0269 0.16757 7 4.2691380962 5.0183341476 -.2567308572 -.2567308572 .3416100344
-0.7346 0.17826 7 4.2382820520 6.4857724242 -.2273873103 -.2273873103 .2554135563
-0.1509 0.77534 7 4.1965150303 7.9354199353 -.2840784936 -.2840784936 .3310140079
-4.0550 0.00039 7 3.8755170750 8.9444961397 -.0291238135 -.0291238135 .2541867122
-1.6407 0.01593 7 3.8249912411 9.1739770200 -.0877925961 -.0877925961 .3781162755
-2.1635 0.00885 7 4.4539740591 9.3217003392 -.1766014587 -.1766014587 .2103621326
-0.5745 0.28514 7 4.3368562272 6.1379529716 -.2413037507 -.2413037507 .2399528794
-1.3596 0.24647 7 3.7871531723 4.5937545403 -.1938596758 -.1938596758 .4036602679
-1.4126 0.20258 7 3.8287450178 5.0287287520 -.2147892696 -.2147892696 .3513637501
-1.0518 0.22958 7 3.8897313760 5.5310679957 -.2703268532 -.2703268532 .3865393841
-0.5034 0.30984 7 4.3147840204 5.6769922486 -.1175115207 -.1175115207 .3879371318
-0.3678 0.42239 7 4.1610793785 6.2075168621 -.2872920926 -.2872920926 .3286884975
-0.7352 0.02588 7 4.5587544785 7.9572086249 -.2216101565 -.2216101565 .2114546952
-1.1453 0.17245 7 4.1614297311 4.9053927734 -.2417157505 -.2417157505 .2992747581
-0.1565 0.23351 7 4.1530212713 9.4880140086 -.2645954771 -.2645954771 .3107069917
-1.7938 0.00476 7 4.5685893733 8.0775461596 -.1654683065 -.1654683065 .2342337107
-0.2600 0.13033 7 4.0043466902 6.8092045355 -.2582232123 -.2582232123 .3952676778
-3.1081 0.00072 7 4.0070494094 7.0360867642 -.0224677266 -.0224677266 .3172501602
0.0736 0.46254 7 3.9964137088 7.6851498462 -.2965575121 -.2965575121 .3727083956
-0.3660 0.45560 7 4.5979689321 7.3601185648 -.2772667622 -.2772667622 .3611907101
-1.6890 0.03873 7 3.8190602739 8.6868298903 -.2140385143 -.2140385143 .2632079836
-0.2241 0.14504 7 4.1378309884 7.0366864534 -.2763328959 -.2763328959 .3488978545
-1.0625 0.03491 7 3.8184846949 7.0282908115 -.1130252998 -.1130252998 .4038861049
-0.8089 0.01533 7 3.8768434094 7.4064944918 -.1414532914 -.1414532914 .3989482100
-0.1450 0.84371 7 4.0763941770 8.6364560384 -.2974639118 -.2974639118 .3041149937
-0.3481 0.11393 7 4.1278459425 8.9211082801 -.1517715994 -.1517715994 .3770176091
-0.4653 0.33610 7 3.9943115939 6.3906218147 -.2454145939 -.2454145939 .3177811822
0.1621 0.94765 7 4.4415365458 6.6534853667 -.2182500686 -.2182500686 .3493251136
-0.1117 0.17120 7 4.1951886959 8.5540987888 -.2587359233 -.2587359233 .3243365581
-1.6175 0.00101 7 4.4825277871 7.3859051792 -.0380138553 -.0380138553 .3328146000
-1.2682 0.00741 7 4.2640329599 7.9266245009 -.2198889126 -.2198889126 .2110152287
-0.5025 0.21239 7 3.8932849512 6.4813747064 -.2245948667 -.2245948667 .3718599810
-1.9588 0.00742 7 4.1841776177 7.8172812592 -.1210180974 -.1210180974 .3058118228
-3.8989 0.00043 7 4.0550977507 8.4679435105 -.0495773186 -.0495773186 .2523311868
-2.5741 0.01400 7 4.0942621539 9.0678321184 -.1729300820 -.1729300820 .2342947477
-1.0251 0.01399 7 4.1874058656 7.6521669669 -.1244972075 -.1244972075 .3564847560
-0.3023 0.23731 7 4.3425869930 9.0868222609 -.2338602862 -.2338602862 .2865851619
-0.2321 0.57623 7 4.5888847925 7.3153418078 -.2967589342 -.2967589342 .2722902920
-1.8424 0.04957 7 4.3265458540 6.5365460683 -.1508835108 -.1508835108 .2744937284
-0.1562 0.49562 7 4.4937390667 7.7371228681 -.2078493606 -.2078493606 .3590055848
-0.2820 0.57039 7 4.5599807122 7.2751626642 -.2939573351 -.2939573351 .2486689657
-1.1130 0.07994 7 4.0403328958 6.5529375593 -.1580706198 -.1580706198 .3427025971
-1.2979 0.01985 7 4.1839023407 9.1375959051 -.1034577471 -.1034577471 .3482752769
-2.6504 0.00056 7 4.2628567766 7.8046877962 -.0722098452 -.0722098452 .3016246833
-0.7442 0.31550 7 3.8630044862 5.7843365280 -.2271492660 -.2271492660 .3822301705
0.0783 0.31357 7 4.2810250556 7.8422682889 -.2965575121 -.2965575121 .3875464949
-0.5682 0.00486 7 4.2621560716 8.5467026277 -.0386455885 -.0386455885 .4010295724
-2.0768 0.01667 7 3.8353516647 6.0290095222 -.0631366923 -.0631366923 .3650177312
-1.4811 0.02998 7 3.8465128940 5.4411146887 -.0624958036 -.0624958036 .3880042725
-1.0177 0.03826 7 3.8706872157 8.1601033054 -.1822412793 -.1822412793 .3467554551
-0.4553 0.07837 7 4.3129321572 7.5592152167 -.1834772789 -.1834772789 .3344748069
-0.9238 0.29974 7 3.9537958310 4.8060443436 -.1464156010 -.1464156010 .3923134861
-1.4549 0.03911 7 3.8803969847 6.7840176096 -.1874416333 -.1874416333 .3085035554
-0.1588 0.25142 7 4.1276207159 8.9351010169 -.2373851740 -.2373851740 .3634795983
-2.9897 0.00294 7 4.3063755607 8.6428527180 -.0678518021 -.0678518021 .2860297250
-2.2672 0.01914 7 3.9765186925 8.8557422105 -.1939970091 -.1939970091 .2347647328
-1.7139 0.02421 7 3.7992653583 6.4931685846 -.1361613818 -.1361613818 .3483973509
-1.0260 0.06269 7 4.5735193334 5.0217323832 -.2735221411 -.2735221411 .3473597216
-0.7344 0.00344 7 4.5132837305 7.1146459859 -.0439832758 -.0439832758 .3618865321
-0.3544 0.56359 7 4.4850553300 5.9194663842 -.2033814508 -.2033814508 .3247027802
-0.1696 0.43652 7 4.5633090608 7.8328731654 -.2129673146 -.2129673146 .3472376476
-3.5652 0.00663 7 4.4339539170 9.4560306107 -.1048219244 -.1048219244 .2217516403
-0.2396 0.16484 7 4.3951398663 6.8251962341 -.2217932676 -.2217932676 .3835790887
-2.4332 0.00193 7 3.7877537766 7.7731041907 -.0549241614 -.0549241614 .3577665334
-4.0697 0.00006 7 4.0943872798 8.8215599541 -.0125797296 -.0125797296 .2447992187
-3.6725 0.00412 7 3.8867033294 7.5384260086 -.0911160618 -.0911160618 .2645324869
-0.3138 0.04157 7 4.4350800500 4.4670203260 -.1645161290 -.1645161290 .3999797357
-0.4422 0.38814 7 4.5692150028 5.3051852478 -.1559556871 -.1559556871 .3483424176
-3.3126 0.00226 7 3.8192604754 9.0488419758 -.0503738517 -.0503738517 .3116408581
-0.2302 0.69841 6 4.5537744681 3.8013658563 -.2727072969 -.2727072969 .3075025482
-2.8307 0.00000 7 3.7872532730 9.4640264597 -.0005218665 -.0005218665 .3475062105
-3.9010 0.00808 7 3.8413827326 9.2323467215 -.1163487655 -.1163487655 .2232653584
-2.8193 0.00477 7 4.3761707815 7.4978470719 -.1027893917 -.1027893917 .2679688711
-0.3659 0.38891 6 4.5633340861 3.5926741847 -.2258766441 -.2258766441 .3883216650
-2.2851 0.02948 7 4.2436374400 6.4252038642 -.0987334818 -.0987334818 .3062024597
-0.2491 0.46879 7 4.1987672963 7.2405806148 -.2941221350 -.2941221350 .3183183080
-3.4494 0.00064 7 4.0480656757 8.6016740935 -.0355143894 -.0355143894 .2912178716
-0.1796 0.92988 7 4.4626577958 6.9493317974 -.2667195654 -.2667195654 .3248004394
-0.4760 0.39730 7 4.0451127047 6.1355542162 -.2358745078 -.2358745078 .3665741752
-1.0914 0.07434 7 4.4746698812 6.7740227976 -.1744773705 -.1744773705 .2727175511
-0.9942 0.20868 7 4.1941126132 4.8886014894 -.2252082888 -.2252082888 .3370627765
-1.8599 0.05651 7 3.8338251288 6.0312083807 -.1326364940 -.1326364940 .3419457380
-0.2592 0.37552 6 4.6004714498 4.4328380690 -.2203009125 -.2203009125 .3503017059
-1.4062 0.17926 7 3.8447861567 5.2626073494 -.2571703237 -.2571703237 .4049664601
-2.6728 0.00023 7 4.4446396679 9.3656775115 -.0154454176 -.0154454176 .3030956755
-0.9787 0.04498 7 3.9688109377 8.4591480762 -.1919186986 -.1919186986 .3250201727
-0.3859 0.03268 7 4.1364295784 7.5662115854 -.2426862391 -.2426862391 .2813726004
-0.3467 0.21831 7 4.4351050751 8.0327694026 -.2804437391 -.2804437391 .3271991943
-0.8673 0.00001 7 4.4304253669 7.3259363084 -.0009521774 -.0009521774 .3691011078
-0.0234 0.80444 7 3.8980647602 8.7595921202 -.2938932462 -.2938932462 .3963968626
-0.3480 0.01820 7 3.9040457777 7.3821071506 -.2751792962 -.2751792962 .2713259071
-0.3014 0.00008 7 4.3008700216 7.0027040932 -.0021515549 -.0021515549 .4070905484
-0.6989 0.01720 7 4.2752192144 8.5864819790 -.1564592425 -.1564592425 .3463648182
0.1761 0.90042 7 4.5144098635 6.5573352764 -.2688161870 -.2688161870 .3752414319
-0.9830 0.05910 7 4.4968421887 6.4040148631 -.0940275276 -.0940275276 .3456689962
-1.4601 0.01185 7 4.2421359293 8.7853787353 -.0890652180 -.0890652180 .3425072786
0.6226 0.25582 6 3.8934100771 3.6770303968 -.2698507644 -.2698507644 .3991801507
-0.4173 0.20661 7 4.4234433423 6.9579273356 -.1961943418 -.1961943418 .3099684438
-0.5195 0.22101 7 4.4905608691 6.2410994300 -.1320230719 -.1320230719 .3562100894
0.0997 0.10292 7 4.3718414257 8.3048281813 -.2965208898 -.2965208898 .3398765831
-0.9827 0.22543 7 4.0982161320 5.5700477616 -.2080324716 -.2080324716 .3101149327
-1.0345 0.01070 7 4.1323754997 5.3121816159 -.0348735007 -.0348735007 .3823583483
-0.7221 0.28624 7 4.3389333170 5.4271219526 -.2911374248 -.2911374248 .3208696554
-1.6437 0.00035 7 4.0354529862 9.5108021797 -.0133396404 -.0133396404 .3759616687
-0.1845 0.01322 7 4.2675364848 7.0604741055 -.2436475722 -.2436475722 .3996562395
-0.1316 0.64232 7 4.3454398632 7.7001420639 -.2661702322 -.2661702322 .2922371898
-2.3972 0.00002 7 4.0326501662 7.6319774473 -.0077455977 -.0077455977 .3450891445
-0.5032 0.16060 7 4.1774208196 6.9487321089 -.2135624256 -.2135624256 .3101454512
-0.1609 0.54734 7 4.3911858882 7.2541735593 -.2276802880 -.2276802880 .3160538346
-1.5292 0.05069 7 3.8376539811 9.3586811427 -.2049378948 -.2049378948 .2863104953
-0.9030 0.14054 7 4.0138312326 6.3732308423 -.1988952299 -.1988952299 .3215837885
-0.2357 0.95009 7 4.4822525100 5.9356579796 -.2793633838 -.2793633838 .3118850062
-3.2353 0.00494 7 4.0952381358 7.4146902376 -.0980010376 -.0980010376 .2744143803
-0.7047 0.04573 7 3.9036203496 8.0991349530 -.1849147007 -.1849147007 .3669953306
-3.0676 0.00413 7 4.3228421277 8.3502046268 -.1075136570 -.1075136570 .2569700003
-0.3601 0.03269 7 4.2568507339 9.2857190166 -.1689931943 -.1689931943 .3764743797
-0.7488 0.00298 7 4.5517724539 8.6662405777 -.1097293008 -.1097293008 .3493617358
-1.9078 0.12827 7 3.8616281013 4.5901564078 -.2406628620 -.2406628620 .3643951536
-2.5101 0.00381 7 4.4317266761 7.9278238780 -.1270516067 -.1270516067 .2586973479
-0.3200 0.41138 7 4.2444882960 6.3416472368 -.2001495406 -.2001495406 .4044781640
-0.3356 0.17004 7 3.9187105319 6.5769251081 -.2900662251 -.2900662251 .3849157994
-1.1834 0.01209 7 4.4789491866 8.9890730005 -.2001953184 -.2001953184 .2275989867
-1.6890 0.03505 7 3.9365284584 8.9974686425 -.2079226050 -.2079226050 .2549985045
-0.9274 0.00512 7 4.3578273262 8.8007707454 -.0506668294 -.0506668294 .3708528702
-0.8063 0.26374 7 4.2750690633 5.1094868316 -.2192571794 -.2192571794 .3227984252
-0.1431 0.51061 7 3.8848764915 9.3654776153 -.2985259559 -.2985259559 .3167740714
-0.2280 0.21067 7 4.2482420727 9.1126088753 -.2429975280 -.2429975280 .3015087130
-1.5258 0.07504 7 3.9088005614 6.1975220501 -.1317300942 -.1317300942 .3556058229
-0.4176 0.21050 7 3.9947370219 9.3560824918 -.2789605395 -.2789605395 .2362296212
-0.4778 0.34807 7 4.3559754630 4.9705589467 -.1847682119 -.1847682119 .3837683034
-2.4935 0.00618 7 4.2110546586 6.3150610377 -.0442487868 -.0442487868 .3220049439
-0.6256 0.30660 7 3.9524945219 6.1921248514 -.2540849024 -.2540849024 .2814824671
-3.6534 0.00782 7 4.2475914181 9.4584293655 -.1054628131 -.1054628131 .2274952238
-0.4583 0.22009 7 3.8268180791 6.3310527363 -.2915677358 -.2915677358 .3766574907
-1.3255 0.00138 7 4.5902862025 8.9586887728 -.0339579454 -.0339579454 .3381248207
-0.0274 0.60308 7 4.4830032654 9.0334499651 -.1909756767 -.1909756767 .4025982238
-0.5210 0.03098 7 4.1089269081 7.5262323380 -.2672505874 -.2672505874 .2121077913
-0.0866 0.22795 7 4.4999453107 8.9049166847 -.1693502609 -.1693502609 .3982218695
-1.4380 0.13199 7 4.0092265998 5.7219689017 -.1543717764 -.1543717764 .3343100070
-1.8053 0.01836 7 4.5082036194 6.3748300123 -.0663960692 -.0663960692 .3207353740
-4.1013 0.00009 7 4.3617562791 9.4642263559 -.0118381298 -.0118381298 .2286060975
-3.4730 0.00036 7 4.3929376506 7.5834026617 -.0208014160 -.0208014160 .2729067659
0.1661 0.55321 6 4.3151093478 4.0954132208 -.2901669362 -.2901669362 .3287617419
-1.2492 0.04538 7 4.5339295021 7.0998536644 -.1809686574 -.1809686574 .2458368480
-0.8296 0.07634 7 4.2578517410 7.0852612390 -.2084902493 -.2084902493 .2704897000
-0.2066 0.10414 7 4.5747705923 8.4213676873 -.1979155857 -.1979155857 .3230181585
-0.2551 0.13122 7 4.0569746390 8.1425124367 -.2352519302 -.2352519302 .3435082857
-0.9682 0.00491 7 4.1826761070 8.5630941193 -.0478743858 -.0478743858 .3858618732
-0.7056 0.14036 7 4.0492668843 6.7388410597 -.2590655232 -.2590655232 .2213060701
-0.9921 0.04630 7 4.0365290688 8.6718376726 -.1975859859 -.1975859859 .3071485335
-4.3434 0.00034 7 3.8853019195 9.2821208841 -.0266060365 -.0266060365 .2368827173
-0.4917 0.42522 7 3.9844266486 6.0739861753 -.2619861445 -.2619861445 .3147232276
-0.2254 0.73205 7 4.2901592455 6.5739266642 -.2343913083 -.2343913083 .3170121158
-2.5832 0.00778 7 4.0754181950 9.1817729735 -.0798821985 -.0798821985 .3156876125
-0.2670 0.01105 7 4.4769972228 8.5650930817 -.0465285195 -.0465285195 .3953836481
-0.8494 0.00308 7 4.1549231848 6.8879636527 -.0481490523 -.0481490523 .3882056947
-0.9210 0.24208 7 4.2142578813 5.1238793608 -.2858729819 -.2858729819 .2928841822
0.1502 0.62899 7 4.1842526932 6.7592304761 -.2754539628 -.2754539628 .2961496627
-1.1061 0.29150 7 3.8841257362 4.7570697657 -.1723990600 -.1723990600 .3876746726
-1.9437 0.01188 7 3.8189601733 7.0938567772 -.1765465254 -.1765465254 .2990977507
-0.1749 0.72289 7 4.3694890591 9.3027101967 -.2824396496 -.2824396496 .2247912839
-0.1036 0.15068 7 4.3581526535 9.1583851132 -.0947416608 -.0947416608 .4071760002
-1.7320 0.01658 7 4.3314007384 9.2785227517 -.1796136356 -.1796136356 .2440423596
-2.3620 0.00022 7 3.8637302163 8.8359524833 -.0126255073 -.0126255073 .3612639545
-1.9563 0.01898 7 3.9328247321 8.0411650446 -.1301095614 -.1301095614 .3250506912
-2.1248 0.00086 7 4.5084538712 7.0944564657 -.0246559038 -.0246559038 .3164322641
-1.3024 0.00224 7 4.1824008300 7.8050875885 -.0510238959 -.0510238959 .3677155674
0.0589 0.79902 7 4.1841776177 8.0071826844 -.2977385784 -.2977385784 .3729220252
-0.6553 0.09118 7 4.0296721701 5.2736016423 -.0843134861 -.0843134861 .3992900173
-0.7010 0.09337 7 4.1180110476 6.9471329389 -.1947660756 -.1947660756 .3237689138
-3.0685 0.00118 7 4.2446634723 8.9666846224 -.0385631885 -.0385631885 .2968698995
-0.6534 0.32423 7 4.2137323526 5.1612599573 -.1302011169 -.1302011169 .3821569261
0.1670 0.62495 7 4.3537732474 6.5773249005 -.2646046326 -.2646046326 .3220476699
-0.6004 0.46305 7 4.1743176976 5.4295207073 -.1953154087 -.1953154087 .3667328714
-0.1387 0.06801 7 4.0877556077 9.3304957735 -.2644489883 -.2644489883 .3267170018
-0.5330 0.37585 7 3.9695616931 6.0284098336 -.2767998290 -.2767998290 .3628387096
-1.1458 0.00000 7 4.1268949857 5.9566470845 -.0007690664 -.0007690664 .3820287484
-0.9120 0.01705 7 4.4220169071 7.8480652793 -.1362437818 -.1362437818 .3302022156
-0.9766 0.03406 7 4.4654606158 7.4068942842 -.1326822717 -.1326822717 .3240435804
-1.6087 0.00140 7 4.0610787682 7.4794566186 -.0606280709 -.0606280709 .3631377910
-0.1883 0.32156 7 4.3789235510 8.3679953922 -.2437116611 -.2437116611 .3563077486
-0.5606 0.12514 7 3.8771437116 8.4083744320 -.2515945921 -.2515945921 .2935372783
-0.5930 0.00919 7 3.9386055482 7.5450225843 -.2121158482 -.2121158482 .3388206427
-1.7422 0.00484 7 4.1357789239 6.9181479843 -.0663411358 -.0663411358 .3483241065
-0.4760 0.03195 7 4.1140070192 8.2698463395 -.1927335428 -.1927335428 .3511623279
-0.0338 0.63987 7 4.0191615954 9.2985123757 -.2664723654 -.2664723654 .3993693655
-0.2067 0.22081 7 4.1682115542 9.2227517018 -.1692220831 -.1692220831 .3686494338
-1.5107 0.13902 7 3.9435855586 5.5026827296 -.1403729361 -.1403729361 .3499537949
-1.0303 0.05024 7 4.1697631152 7.1436309398 -.2049562059 -.2049562059 .2715456404
-0.9320 0.03442 7 4.1720153813 9.1012147894 -.1620075075 -.1620075075 .3358359324
0.0118 0.62370 7 4.3995192723 9.4514329967 -.2415417950 -.2415417950 .3741000396
-1.7112 0.00282 7 4.3998445996 8.4303630178 -.1309976500 -.1309976500 .2936898709
-0.3799 0.05437 7 4.2896086916 7.6099888608 -.2433179723 -.2433179723 .2552853785
-1.6978 0.00221 7 4.2838779258 8.1149267561 -.1737815484 -.1737815484 .2590208441
-0.2091 0.41166 7 4.4500200811 6.7786204109 -.1279305398 -.1279305398 .4018474684
-2.3231 0.03403 7 3.9154072084 6.5959152507 -.1483840449 -.1483840449 .2975474105
-0.2819 0.48852 7 3.8115276955 9.3924636068 -.2874752037 -.2874752037 .3286823938
-0.7819 0.24950 7 4.3293987243 5.1828487507 -.2711508529 -.2711508529 .3005931577
0.0286 0.24072 7 4.5277482833 6.5033632928 -.0449262977 -.0449262977 .3977274697
-0.1109 0.61399 7 3.9646817834 9.4098545799 -.2930234687 -.2930234687 .3817052522
-2.0694 0.00140 7 3.8622287056 6.7118550682 -.0291421246 -.0291421246 .3703706778
-0.2363 0.52026 7 4.3844541153 6.6972626428 -.1720053712 -.1720053712 .3832739036
-0.4377 0.31922 7 3.9481901912 6.2536928923 -.2830896938 -.2830896938 .3578764000
0.1737 0.20873 7 4.2181868343 8.7282084116 -.2877040925 -.2877040925 .3990946989
-0.7433 0.00255 7 4.0496923123 6.2291056556 -.0226874599 -.0226874599 .4066877040
-1.5320 0.08983 7 4.0736914577 6.2822780545 -.1959654530 -.1959654530 .2670472121
-2.9955 0.00217 7 4.4801003447 7.4438750883 -.0529190954 -.0529190954 .2808415784
-0.4638 0.38549 7 4.5287993407 5.5632512897 -.2187536240 -.2187536240 .3066907559
-2.7219 0.00568 7 3.9632553483 7.9841946170 -.0985320596 -.0985320596 .3098524735
-2.0739 0.00359 7 4.5540997955 8.8479462571 -.1254860072 -.1254860072 .2689820856
-0.2893 0.39388 7 3.9174842981 9.4322429581 -.2913846247 -.2913846247 .2553281044
-0.1590 0.76370 6 4.1626809899 3.9920668662 -.2590289010 -.2590289010 .3448755149
-3.4910 0.00090 7 3.9107775505 7.7615102086 -.1386974700 -.1386974700 .2382377391
-3.7092 0.00200 7 3.9081999572 9.2207527394 -.0507766960 -.0507766960 .2749209875
-1.3118 0.06221 7 3.8229892269 9.1230034797 -.2372203741 -.2372203741 .2508662984
-0.5837 0.01627 7 4.5153357951 5.9764368118 -.0449629200 -.0449629200 .3654266792
-0.4999 0.00392 7 4.5857316201 8.7234109014 -.0394695882 -.0394695882 .3739840693
-1.6668 0.01428 7 4.0623300270 6.6580829801 -.0951261940 -.0951261940 .3454797814
-1.6298 0.00280 7 4.4006454053 8.1105290389 -.1058198797 -.1058198797 .3164627826
-0.2388 0.21048 7 4.1420101931 7.0960556357 -.2429975280 -.2429975280 .3424096194
-3.0764 0.00004 7 4.5431637927 7.7483170572 -.0095309304 -.0095309304 .2828435926
-0.2366 0.65826 7 4.4799001434 7.3183402511 -.2874843592 -.2874843592 .3417748344
-0.4014 0.03918 7 3.8135797601 7.2517748045 -.2798211615 -.2798211615 .2722597735
-0.5747 0.47996 7 4.0982912076 5.4177268291 -.1565965758 -.1565965758 .3959696035
-3.1258 0.00924 7 4.0172096316 8.3957809691 -.1250282296 -.1250282296 .2651062349
-0.3221 0.40477 7 4.4639340799 5.9684409621 -.1157994323 -.1157994323 .3911781975
-0.9474 0.04261 7 3.8140302132 7.7822994174 -.2467421490 -.2467421490 .2661072420
-1.8553 0.07893 7 4.0111285134 4.3862622458 -.2428510391 -.2428510391 .3700105594
-3.3516 0.01474 7 3.7939600206 6.8931609552 -.1117526779 -.1117526779 .2829290444
-3.6900 0.00453 7 4.0898577226 9.3704750210 -.0744621112 -.0744621112 .2556271858
-2.8680 0.00660 7 3.8285448163 9.3155035558 -.0737571336 -.0737571336 .3271747795
-1.0326 0.26118 7 4.0623050019 4.7838558616 -.1909939878 -.1909939878 .3604765770
-0.1211 0.73335 7 3.9998421582 8.1583042392 -.2930784020 -.2930784020 .3487696768
-0.2800 0.17758 7 4.0339765007 7.0043032626 -.2454969939 -.2454969939 .3488429212
-0.4197 0.03738 7 4.5881590624 7.6147863710 -.0750022888 -.0750022888 .3866675618
-0.3422 0.08955 7 4.4492693258 8.7571933655 -.2116214484 -.2116214484 .2970530106
-4.1060 0.00022 7 3.9871293679 8.7971726129 -.0241248817 -.0241248817 .2463190404
-1.7201 0.00080 7 4.1730914639 5.9552478107 -.0125705740 -.0125705740 .3563809930
-3.2113 0.00369 7 4.2556245001 8.3234185315 -.1026703695 -.1026703695 .2588133182
-2.1094 0.00065 7 4.1156586809 7.7950927765 -.0347636341 -.0347636341 .3458582110
-0.7881 0.12144 7 4.5374580523 6.5943160806 -.1695059053 -.1695059053 .2942331003
-0.8326 0.04907 7 4.0823751944 8.4583484915 -.2333384197 -.2333384197 .2557919858
-1.0101 0.09384 7 4.4396596575 5.1904448073 -.2575731681 -.2575731681 .4062604449
-0.1649 0.40295 7 4.4781984312 7.5188361769 -.2014313180 -.2014313180 .3464990997
-3.6214 0.00003 7 4.0349775078 8.9852749719 -.0062532425 -.0062532425 .2831365703
-2.1807 0.02688 7 3.8558222601 9.3003114419 -.2195593127 -.2195593127 .2112044434
-0.9531 0.16674 7 4.3794490798 5.8539004185 -.2967040009 -.2967040009 .4038555864
-0.5780 0.07692 7 4.1430862757 9.2639303263 -.1508926663 -.1508926663 .3604948881
-1.5287 0.00093 7 4.1611794793 8.5113209942 -.0251960814 -.0251960814 .3667817011
0.0338 0.42108 7 4.0621798760 8.7709862061 -.2612994781 -.2612994781 .3997050691
-1.8449 0.00914 7 4.0336761985 7.6469696650 -.1192144535 -.1192144535 .3270160832
-0.5224 0.20602 7 4.1855289772 6.6205024874 -.1649830622 -.1649830622 .3678376415
-0.6661 0.02345 7 4.0825753959 7.8932418292 -.2481795708 -.2481795708 .2421807306
-0.5729 0.03332 7 4.5409365520 8.0139791563 -.1578325754 -.1578325754 .3238116397
-0.3355 0.53333 7 4.5010964689 5.8199180583 -.2299508651 -.2299508651 .3874732505
-1.3913 0.02996 7 4.1335767082 9.2587330244 -.1707052827 -.1707052827 .2995860469
-0.3340 0.00011 7 4.3476420788 7.3473252057 -.0102175969 -.0102175969 .4020672017
0.0856 0.49818 7 4.3069761650 8.1259210490 -.2990112002 -.2990112002 .3773472090
-3.8384 0.00347 7 4.0950379344 8.7821803952 -.0877010406 -.0877010406 .2357840510
-0.6416 0.03031 7 4.3789986266 9.1206047249 -.1668507949 -.1668507949 .3300496230
-0.2524 0.54687 7 4.5452909328 7.9304225289 -.2886104922 -.2886104922 .2431451155
-0.9522 0.09453 7 4.4702153996 6.4683814511 -.1341196935 -.1341196935 .3239398174
-0.2637 0.22420 7 4.5381087068 7.5024446853 -.1587572862 -.1587572862 .3604460585
-0.5119 0.46638 7 4.1041721243 5.8958786283 -.2610614337 -.2610614337 .3889747611
-3.7649 0.00368 7 4.4214413281 9.2553347882 -.0826105533 -.0826105533 .2249133579
-2.6937 0.00298 7 4.1926361277 7.1476288646 -.0558305612 -.0558305612 .3122023987
-0.4029 0.01262 7 4.5827536240 8.8655371264 -.1515243995 -.1515243995 .3451807000
-2.6629 0.00640 7 4.1450632648 8.0765466787 -.1127506332 -.1127506332 .2863165990
-0.3672 0.23529 7 3.9484654682 6.8062060916 -.2571703237 -.2571703237 .3192521744
-0.2345 0.34725 7 4.3953400676 6.7414397113 -.1243781853 -.1243781853 .4065351115
-2.3648 0.00212 7 4.0661839044 7.3641164896 -.1433668019 -.1433668019 .2807988525
-1.2677 0.00757 7 4.5858066957 8.9870740381 -.1868099001 -.1868099001 .2315969115
-1.8797 0.01310 7 4.3578773766 9.2467392500 -.1048402356 -.1048402356 .3054456007
-0.7742 0.09772 7 4.2083519393 6.9581272318 -.2132419812 -.2132419812 .2758548539
-0.2655 0.54502 7 4.3713409222 9.0890211195 -.2720938749 -.2720938749 .3646759239
-0.3400 0.44870 7 4.5696654560 6.2143133340 -.2468062379 -.2468062379 .2336843775
-1.3444 0.00458 7 3.8327490462 6.7678260142 -.0779229102 -.0779229102 .3907753532
-1.0615 0.03188 7 3.7934845423 8.4239663383 -.1105075227 -.1105075227 .3997661061
-0.2526 0.11226 7 4.2284471571 9.1351971496 -.1906460768 -.1906460768 .3791478011
-0.2225 0.46097 6 4.4953406780 3.4843304245 -.2971800897 -.2971800897 .2439385967
-3.2454 0.00177 7 4.0635812859 8.3094257946 -.0638050477 -.0638050477 .2935250709
-0.5890 0.32158 7 4.4031979735 5.3155798522 -.2620685445 -.2620685445 .2456232184
-0.8060 0.01262 7 4.0681108431 7.7888959931 -.0837092196 -.0837092196 .3914467604
-1.8560 0.01367 7 4.0010934171 8.9890730005 -.0916837061 -.0916837061 .3475672475
-0.3035 0.84940 7 4.3192635272 5.8181189920 -.2909817804 -.2909817804 .3008006836
-1.1606 0.00679 7 3.7966126895 6.5783243814 -.0695181127 -.0695181127 .4057904599
-0.2398 0.01512 7 4.4506457105 6.3860242014 -.0379680776 -.0379680776 .3903664052
-1.3099 0.13886 7 4.1423104952 4.7456756804 -.2780907620 -.2780907620 .2728579363
-0.6252 0.38772 7 4.2398586382 5.5304683071 -.2094241157 -.2094241157 .3338949552
-3.5381 0.00008 7 4.2230667439 8.6078708762 -.0142551957 -.0142551957 .2780460829
-0.6443 0.26116 7 4.2277464522 6.1481476791 -.1846491897 -.1846491897 .3349020661
-0.5377 0.21873 7 4.3764961088 6.5245522939 -.2480605487 -.2480605487 .2122298654
-0.6972 0.11676 7 4.2812002318 5.9958267466 -.0916287728 -.0916287728 .3867713248
-1.5432 0.02567 7 4.4064762718 6.8108037056 -.0891842402 -.0891842402 .3290303048
-0.4731 0.00302 7 4.2971913205 7.2221901615 -.0863917966 -.0863917966 .3808385265
0.1876 0.37273 7 4.4853306069 8.9434966589 -.2477950376 -.2477950376 .4061933042
-0.1456 0.17378 7 4.3169612109 8.5850827057 -.1877162999 -.1877162999 .3888648945
-0.3516 0.47084 7 4.5096801049 5.1866467794 -.1425428022 -.1425428022 .3788426160
-0.2368 0.42142 7 4.4445896175 7.0536776335 -.2029969176 -.2029969176 .3366965544
-0.6569 0.01455 7 4.4443393657 8.2062793362 -.1060213019 -.1060213019 .3677888119
-2.2505 0.02177 7 4.1044223761 6.7082569357 -.1224280526 -.1224280526 .3007457502
-0.9558 0.12200 7 4.3252945951 4.8720101023 -.2389690847 -.2389690847 .3766513870
-0.0706 0.15883 7 4.2828518935 7.1964035464 -.0913449507 -.0913449507 .4055768303
-0.8511 0.03521 7 4.5290495925 4.9159872739 -.2469069490 -.2469069490 .3836401257
-0.2874 0.07774 7 4.3498192693 7.6603627127 -.2418439283 -.2418439283 .2662537308
-1.1199 0.00978 7 4.4523474226 9.3492860199 -.1109378337 -.1109378337 .3353659474
-0.2074 0.19650 7 4.2041977599 8.9418974888 -.2504226813 -.2504226813 .2992625507
-0.1010 0.10018 7 4.1875309915 9.1433928954 -.2562089907 -.2562089907 .3619536729
-1.1041 0.08356 7 4.2629318521 6.1631398975 -.1076326791 -.1076326791 .3542263863
-1.0438 0.12587 7 4.3038229926 4.6619191569 -.2812219611 -.2812219611 .2331106295
-1.3090 0.05140 7 4.1784218267 6.6996613976 -.1275185399 -.1275185399 .3384055909
-3.7928 0.00585 7 3.7993904843 9.4800181589 -.0853755302 -.0853755302 .2581113925
-2.3437 0.00002 7 3.9130798668 7.3355313274 -.0125797296 -.0125797296 .3571317484
-2.5980 0.00384 7 4.2270207220 6.4633840454 -.0374553666 -.0374553666 .3187028412
-0.6035 0.01537 7 4.0835513778 7.8230782495 -.1377819147 -.1377819147 .3927834711
-1.7183 0.00200 7 3.9347516708 8.7961731320 -.0333170567 -.0333170567 .3792515640
-0.4952 0.12749 7 4.0565492110 9.2677283549 -.2286507766 -.2286507766 .3128799096
-1.9010 0.00440 7 4.5488945585 9.5140005192 -.0925443281 -.0925443281 .3015026093
-0.3115 0.00002 7 4.5558515579 8.5896803191 -.0000732444 -.0000732444 .3906654866
-0.1603 0.21097 7 3.8770436109 8.0709495838 -.2723685415 -.2723685415 .3293843195
-1.7761 0.01988 7 4.5554511551 7.2093968023 -.1172093874 -.1172093874 .2879462874
-0.5870 0.40873 7 4.2346784264 5.1952423175 -.2971160008 -.2971160008 .2258716391
-0.8531 0.10207 7 3.8165827814 6.4787760554 -.1981261635 -.1981261635 .3600310068
-0.7146 0.01217 7 3.8679844965 7.2219902653 -.2046357615 -.2046357615 .3485072176
-1.5334 0.00555 7 3.9538208563 8.8811290326 -.0532212286 -.0532212286 .3813878597
-0.9293 0.02800 7 4.4441641895 9.4598286387 -.1775811029 -.1775811029 .2863471175
-0.5623 0.02520 7 4.2923864864 7.7679068882 -.2009277626 -.2009277626 .3027233497
-3.0157 0.00264 7 3.7857517623 7.5722084726 -.1715018158 -.1715018158 .2454340037
-0.6207 0.07538 7 3.8661076081 7.0045031588 -.2786492507 -.2786492507 .2247058320
-0.5346 0.23880 7 4.1540473036 6.5079609061 -.1888424329 -.1888424329 .3493922544
-0.9554 0.01111 7 4.1744928738 7.6223824276 -.1773247474 -.1773247474 .3146011535
-0.4127 0.03413 7 4.5441147495 8.4697425767 -.1308786278 -.1308786278 .3641143833
-0.4147 0.03939 7 4.6000960722 8.2032808929 -.1014343699 -.1014343699 .3760166020
-2.4055 0.04814 7 3.8352015136 6.3480439164 -.1709433271 -.1709433271 .2796635639
-0.6490 0.25112 7 4.4707909786 5.4866910311 -.2362041077 -.2362041077 .2439996337
-1.2270 0.09169 7 4.1938873866 6.5483399459 -.2025116733 -.2025116733 .2594358958
-0.9870 0.00253 7 4.4762214422 8.4311626032 -.2067323831 -.2067323831 .2305226599
-0.7446 0.01523 7 4.3976173588 8.4829357282 -.1964781639 -.1964781639 .2791752677
-0.7666 0.00366 7 4.3837784356 8.2192725915 -.2182866908 -.2182866908 .2415825678
-2.8727 0.00039 7 3.9012179326 6.9107518239 -.0159306619 -.0159306619 .3368186284
-0.4574 0.00233 7 4.4192391124 8.8737328722 -.0245918149 -.0245918149 .3954141666
-0.6912 0.04609 7 4.1672856227 8.6762353897 -.2540940580 -.2540940580 .2105635547
-0.7224 0.00498 7 4.3721167027 8.3212196729 -.1718131046 -.1718131046 .3160172124
-1.4522 0.04305 7 4.3087529526 6.8967590870 -.1508743552 -.1508743552 .2962412182
-0.1362 0.57476 7 4.3648343760 8.1764947970 -.2706381420 -.2706381420 .2570371410
-0.2767 0.16177 7 3.8268931546 9.3079074986 -.2490127262 -.2490127262 .3782200384
-1.0934 0.03924 7 4.0904333017 8.6358563499 -.1431379131 -.1431379131 .3394249092
-1.5262 0.00374 7 4.2595034027 7.7145345931 -.0918851283 -.0918851283 .3350241401
-0.5770 0.30199 7 4.4934137394 5.6040301225 -.2174626911 -.2174626911 .2807011932
0.0838 0.03395 7 4.5952161625 8.9522920932 -.0645283364 -.0645283364 .4053754081
-3.7995 0.00002 7 3.9908080690 8.8575412768 -.0056398205 -.0056398205 .2712648701
-1.6827 0.04326 7 3.8435348978 9.2103581350 -.2249244666 -.2249244666 .2401726126
-1.5773 0.01615 7 4.3264707785 8.6904280227 -.1193334757 -.1193334757 .3101088290
-0.7545 0.00511 7 4.5216421399 8.4055758849 -.1461867122 -.1461867122 .3232806176
-2.7742 0.00379 7 4.2170857264 8.0959366136 -.0968108157 -.0968108157 .2865424359
-3.1088 0.00061 7 3.8199611804 9.0048648036 -.0251777703 -.0251777703 .3289814752
-1.2281 0.04898 7 3.9425094759 9.0660330521 -.1929258094 -.1929258094 .3089186071
-3.0873 0.00859 7 4.1835770134 9.1280008854 -.1520828882 -.1520828882 .2236376842
-1.0899 0.20511 7 4.1199880367 5.0938949253 -.2341166417 -.2341166417 .2958688924
-1.0198 0.06058 7 3.8186848963 8.7270090339 -.1528611102 -.1528611102 .3711641590
-0.9772 0.06565 7 4.1135315408 5.5890379041 -.0656727805 -.0656727805 .3959390850
-0.1789 0.30457 7 4.1956391490 8.6302592551 -.2630481887 -.2630481887 .2824224372
-0.1423 0.96731 7 4.1204134646 7.5848019349 -.2984893337 -.2984893337 .3460169072
-2.1435 0.01027 7 4.2275212255 8.6798335222 -.1719138157 -.1719138157 .2440728782
-0.1028 0.45029 7 4.5345551316 7.3061465805 -.1570085757 -.1570085757 .4032513199
-0.9617 0.06515 7 4.1058988615 5.4419142741 -.0606097598 -.0606097598 .3992350840
-1.8447 0.01301 7 3.8531195409 6.4026155892 -.0734000671 -.0734000671 .3688935819
-0.3859 0.00110 7 4.3072514419 8.0167777034 -.2149174474 -.2149174474 .3014110538
-0.8241 0.02279 7 4.3875822626 7.7477173686 -.1594073305 -.1594073305 .3184464857
-1.0761 0.24555 7 3.9629300210 5.2462158579 -.2472731711 -.2472731711 .3526211127
-1.7533 0.06314 7 4.1524707174 6.2756814787 -.1391644032 -.1391644032 .3093336588
-0.1476 0.46112 7 4.5520727560 7.8714531390 -.2488113040 -.2488113040 .2811894894
-0.2220 0.27372 7 4.4166114688 8.7677878660 -.2396649067 -.2396649067 .2770450758
-1.0238 0.04292 7 4.0442368236 8.2842388687 -.1527237769 -.1527237769 .3394371166
-0.1301 0.02286 7 4.1061991637 7.6331768243 -.2265358439 -.2265358439 .3891822870
-1.2138 0.05357 7 3.9770442212 9.0120610679 -.1612201299 -.1612201299 .3309163487
-2.1481 0.01785 7 3.8679094210 6.4034151739 -.0861171300 -.0861171300 .3503383281
-2.0630 0.01381 7 4.1392073732 8.3016298412 -.1203863643 -.1203863643 .3064893337
-0.1547 0.61607 7 4.4218667561 7.4096928313 -.2643665883 -.2643665883 .3801243934
-0.3929 0.17279 7 3.9641312295 8.6300593589 -.2890041810 -.2890041810 .2179246192
-0.6436 0.06146 7 3.7875285500 7.9404173409 -.1930265205 -.1930265205 .3832922147
-1.0169 0.01977 7 3.8571736197 7.5752069159 -.2062929166 -.2062929166 .3186295968
-0.2618 0.34711 7 3.9561982482 7.8466660060 -.2872188482 -.2872188482 .2608946806
-0.1916 0.28088 7 3.9558979460 9.0902204965 -.2644032105 -.2644032105 .3592741477
-3.0161 0.00592 7 4.1122802819 8.9402983188 -.0805139316 -.0805139316 .2930489822
-3.3766 0.00064 7 3.8707622912 7.7297267070 -.0868312631 -.0868312631 .2903450422
-2.5804 0.00020 7 4.4745697804 8.5886808376 -.0175695058 -.0175695058 .3043469344
-0.0982 0.26309 6 4.1679112521 4.1046084481 -.2916226691 -.2916226691 .2753360393
-1.1669 0.01945 7 4.3829526046 8.7356045720 -.1197546311 -.1197546311 .3228655659
-1.0066 0.03433 7 4.2464652851 7.4646642971 -.2296395763 -.2296395763 .2151474349
0.1933 0.68266 7 4.3930377513 4.4914076666 -.1736350596 -.1736350596 .4039166234
-0.4108 0.21235 7 4.3480174565 6.9249444569 -.1683706167 -.1683706167 .3542019714
-0.1725 0.22160 7 4.5233188268 7.9698020878 -.1973845637 -.1973845637 .3398887905
-0.2763 0.12318 7 4.5564771874 8.1261209452 -.2155034028 -.2155034028 .2816960966
0.6811 0.12316 6 3.8857523727 3.8593357647 -.2808465834 -.2808465834 .3856299325
-0.3237 0.03046 7 3.9418087709 7.3579197062 -.2083803826 -.2083803826 .3910072939
-3.5968 0.00058 7 3.7868778953 7.7765024264 -.1093997009 -.1093997009 .2658325754
-0.5434 0.35864 7 4.2003939328 5.7097752318 -.1349711599 -.1349711599 .3901832941
-2.3960 0.06160 7 3.7943854487 4.5063998843 -.2711508529 -.2711508529 .3343954588
-4.1155 0.00005 7 4.2534723349 8.6062717068 -.0214972380 -.0214972380 .2333303628
-0.1511 0.97152 7 4.3412106081 6.8931609552 -.2841334269 -.2841334269 .2382987762
-0.3868 0.35966 7 4.5891600695 7.5842022464 -.2374675740 -.2374675740 .3854773400
-0.8518 0.07304 7 4.0983913082 6.0669898072 -.0787926877 -.0787926877 .4011577501
-0.1045 0.02635 7 4.4672123783 5.5032824188 -.0303781243 -.0303781243 .3952615741
-1.5112 0.00034 7 4.3014456007 8.8793299664 -.0150517288 -.0150517288 .3568021485
-1.2250 0.00083 7 4.2651340677 5.8652945037 -.0118015076 -.0118015076 .3658783532
-0.2103 0.37902 7 4.4607058320 7.1438308360 -.1545731986 -.1545731986 .3829504074
-0.1650 0.26843 7 4.4186385082 7.7405211037 -.1618060853 -.1618060853 .3908241828
-0.8085 0.15412 7 4.0563990599 6.5631322675 -.2405072176 -.2405072176 .2512203131
-0.1604 0.52356 7 3.8648062989 7.3151419117 -.2974181340 -.2974181340 .3645782647
-1.2889 0.06058 7 4.0036710104 6.7016603600 -.1860957670 -.1860957670 .3044751121
-0.1723 0.28353 7 4.2532220831 7.9184287551 -.2525101473 -.2525101473 .2851629993
-0.3059 0.68214 7 4.2239175999 6.2097157207 -.2583147678 -.2583147678 .2839849848
-3.4311 0.00407 7 4.1950385448 7.6059909367 -.1046021912 -.1046021912 .2502986541
-1.1138 0.00294 7 3.9633053986 8.8903242593 -.0339487899 -.0339487899 .4049542527
-0.3510 0.47653 7 3.9534955289 6.4040148631 -.2933988463 -.2933988463 .2409355754
-0.2495 0.09270 7 4.0046219671 9.1587849062 -.2140110477 -.2140110477 .3914650715
-0.8798 0.06357 7 3.8032443616 7.9771982489 -.2436841944 -.2436841944 .2822454298
-2.6212 0.01431 7 4.0062486037 7.0430831330 -.1491256446 -.1491256446 .2698182927
0.7182 0.19727 6 3.8942859583 3.7280039371 -.2947447126 -.2947447126 .3944314706
-1.4355 0.01242 7 4.5838046814 4.6197410509 -.2798577837 -.2798577837 .3279621570
-0.7313 0.10287 7 4.3479924313 6.7280466629 -.1327372050 -.1327372050 .3529018829
-0.2882 0.18441 7 4.0014938199 8.1073306988 -.2859920041 -.2859920041 .2391044648
0.9226 0.09313 6 4.3675370951 4.1529833375 -.2699697866 -.2699697866 .3866187322
-0.3673 0.17986 7 3.9497918026 8.6958252208 -.2942686239 -.2942686239 .2131393169
-0.2674 0.51368 7 4.4357807550 6.4827739802 -.2006805627 -.2006805627 .3635223242
-0.0842 0.59201 7 4.3034726401 8.3625981935 -.2547532578 -.2547532578 .3479334696
0.1704 0.64912 6 4.2767707754 3.9346966463 -.2887478255 -.2887478255 .3286335642
-3.3472 0.00000 7 3.8123535263 7.1548251295 -.0008056886 -.0008056886 .3204973296
-1.3177 0.00917 7 4.4788490859 8.9684836880 -.2012756736 -.2012756736 .2155502792
-1.7893 0.00002 7 4.1757691579 7.1954040655 -.0059968871 -.0059968871 .3552212897
-1.5405 0.00719 7 3.8443607287 8.3667960145 -.0622943815 -.0622943815 .3890724204
-0.0533 0.27905 7 4.4111810052 8.7879773863 -.0889461958 -.0889461958 .4045758232
-0.4210 0.17810 7 4.1664597918 6.8305934328 -.1378002258 -.1378002258 .4025432905
-0.5395 0.40365 7 4.2038474073 4.9237832274 -.1319498275 -.1319498275 .3957193517
-0.2878 0.60526 7 4.2623062227 6.0801829587 -.2953856013 -.2953856013 .2242114322
-0.9592 0.00883 7 4.5393599658 8.7481980350 -.1924405651 -.1924405651 .2500117801
-0.6937 0.17870 7 4.5367323221 4.9999436936 -.2145146031 -.2145146031 .2905586718
-0.7621 0.02919 7 4.5917877131 4.6639181193 -.2403332621 -.2403332621 .3460230109
-1.0678 0.17026 7 4.2542481154 5.1116856902 -.2730643635 -.2730643635 .3339315775
-3.4864 0.01512 7 3.7912322763 9.3173026221 -.1392468031 -.1392468031 .2474360179
-0.1858 0.61326 7 4.1235165867 7.6021929080 -.2895809808 -.2895809808 .3302754600
-0.2755 0.26858 6 4.3180623187 4.2991074866 -.2842982268 -.2842982268 .3245684987
-1.7229 0.00238 7 3.8059220557 8.3008302565 -.0374370555 -.0374370555 .3907021088
-2.2744 0.00278 7 3.8705871150 9.2659292887 -.0424359874 -.0424359874 .3602019104
-0.2629 0.08529 7 4.4991945554 7.8046877962 -.2479781487 -.2479781487 .2348501846
-2.0215 0.00885 7 4.1448130130 7.5138387712 -.1654225287 -.1654225287 .2678895229
-0.4448 0.14647 7 4.3295739005 7.1662192148 -.1819940793 -.1819940793 .3360983916
0.2156 0.64003 6 4.2931622668 4.1729729609 -.2549089022 -.2549089022 .3390525833
-3.4321 0.00617 7 4.2258445387 9.3666769923 -.0870967741 -.0870967741 .2580686666
0.1425 0.18477 7 4.5954664143 8.7995713677 -.2934080019 -.2934080019 .3602324289
-1.3160 0.19869 7 3.8196358530 5.2254266491 -.2327341532 -.2327341532 .3389732352
-1.5622 0.13443 7 3.9167335428 4.3045046846 -.2152562028 -.2152562028 .3877601245
-0.5085 0.38538 7 4.1843027435 6.1221611685 -.2561449018 -.2561449018 .2510310983
-2.5756 0.00006 7 4.0430356150 9.4056567589 -.0066011535 -.0066011535 .3372703024
-1.1450 0.02825 7 4.2195882442 9.0448440510 -.2235053559 -.2235053559 .2231371807
-0.6258 0.22779 7 4.3805251624 5.1878461564 -.1042909024 -.1042909024 .3760288094
-3.4269 0.00211 7 3.9763685414 7.1798121593 -.0397625659 -.0397625659 .2991770989
-0.4323 0.42568 7 3.9365284584 6.1897260966 -.2823572496 -.2823572496 .2977366252
-2.9374 0.00000 7 4.6031241187 7.9208275099 -.0029114658 -.0029114658 .2846563921
-0.1804 0.84724 7 4.2132568742 8.9089146095 -.2962553788 -.2962553788 .2702577593
-1.1271 0.13851 7 4.2954645832 5.1270777002 -.2666280098 -.2666280098 .3664582049
-0.5811 0.40607 7 4.0255930661 5.8742898349 -.2695944090 -.2695944090 .3681916562
-2.1000 0.00598 7 3.9926849574 7.0226937166 -.1037507247 -.1037507247 .3304341563
-2.0243 0.01105 7 4.1010439771 8.4649450672 -.1545457319 -.1545457319 .2854742881
-0.8889 0.00008 7 4.5940149540 8.2088779872 -.0096591082 -.0096591082 .3569730521
-0.7702 0.10224 7 4.2827267677 6.4146093636 -.1095187230 -.1095187230 .3721895809
-2.1632 0.09472 7 3.8127539291 4.3067035439 -.2379894405 -.2379894405 .3969584032
-0.1932 0.63388 6 4.4854307077 4.2217476427 -.2624622333 -.2624622333 .3479334696
-0.8243 0.30178 7 3.8518682820 5.6793910034 -.2582232123 -.2582232123 .3697664113
-1.7180 0.02544 7 3.9498668782 6.1141653189 -.0833979308 -.0833979308 .3601958067
-0.0234 0.02604 7 4.2931872920 9.2903166299 -.2279000213 -.2279000213 .3919960936
-0.1612 0.27128 7 4.2476915188 7.4324810024 -.2927121799 -.2927121799 .2110152287
-0.9106 0.10805 7 4.5264719992 6.5561358994 -.1769035920 -.1769035920 .2774479201
-1.1879 0.14834 7 3.8084996489 5.8017275004 -.1345591601 -.1345591601 .3908241828
-2.9671 0.01460 7 3.9228396862 6.7600300614 -.0947782830 -.0947782830 .3052441785
-1.7109 0.03024 7 4.0384560075 9.2763238931 -.1835688344 -.1835688344 .2757816095
-0.0453 0.62741 7 4.5979939573 8.2972321240 -.1722983489 -.1722983489 .3889137241
-3.0636 0.00032 7 3.8959626452 7.6021929080 -.1351451154 -.1351451154 .2718874477
0.0280 0.70296 7 4.4147345804 7.5122396011 -.0845698416 -.0845698416 .4001018097
0.1933 0.40867 7 4.5641098665 9.0798258921 -.2731192968 -.2731192968 .3831457258
-0.1929 0.39811 7 4.4243942990 7.2543734555 -.1713644825 -.1713644825 .3779636829
-0.0358 0.36286 7 4.4982185735 8.8051684625 -.2270943327 -.2270943327 .3603483993
-1.5186 0.00002 7 4.0092265998 6.8605778682 -.0041932431 -.0041932431 .3798375194
-0.1677 0.62820 6 4.2901342203 4.1174018072 -.2683584093 -.2683584093 .3222368846
-1.9290 0.03403 7 4.4674876552 6.7814189587 -.1402447584 -.1402447584 .2675294045
-1.5569 0.03880 7 4.0007180394 6.7662268442 -.1454451124 -.1454451124 .3305196081
-0.4454 0.11729 7 4.2407094942 8.8639379563 -.2498550370 -.2498550370 .2448419446
-2.8402 0.00131 7 4.5802761314 8.6436523027 -.1225928525 -.1225928525 .2364493545
-1.4165 0.14525 7 4.0543469953 4.8170386365 -.2473281044 -.2473281044 .3567228003
-1.6137 0.08571 7 4.3390834680 5.2026384780 -.2998809777 -.2998809777 .3669648121
-1.8846 0.02155 7 4.0649576707 8.7725853762 -.1247352519 -.1247352519 .3186173894
-1.0591 0.00242 7 3.9092259895 7.4488724940 -.2133610034 -.2133610034 .2960275887
-0.3185 0.31967 7 4.0827755973 9.1595844909 -.2506332590 -.2506332590 .2988780175
-1.2676 0.06251 7 4.3996193731 4.7464752651 -.2760307626 -.2760307626 .3083204443
-2.0874 0.00232 7 4.1578010803 7.2299861143 -.0744529557 -.0744529557 .3305257118
-0.4577 0.03508 7 4.1720153813 7.9194282360 -.1219611194 -.1219611194 .4072492446
-0.2495 0.14058 7 4.5762220526 7.7101368759 -.2533982360 -.2533982360 .2124007690
-1.3053 0.01070 7 3.8641556443 7.3649160743 -.2431806390 -.2431806390 .2270862758
-0.1993 0.85591 7 4.4482933438 6.7966110726 -.2937925351 -.2937925351 .2545407269
-0.9690 0.02133 7 4.0095519272 7.8982392349 -.2274788659 -.2274788659 .2642822351
-0.9659 0.00723 7 4.3456150394 7.9334209729 -.0899716177 -.0899716177 .3523708609
-1.5183 0.00109 7 4.4832535171 8.1413130590 -.0438459425 -.0438459425 .3358481398
-0.1407 0.55907 7 4.2941882991 8.7278086186 -.2736777855 -.2736777855 .2768863795
-0.6726 0.00145 7 4.5610067445 4.8144399856 -.2339701528 -.2339701528 .3744357432
-1.0391 0.03824 7 4.5074028137 7.4472733239 -.2077303384 -.2077303384 .2183823969
0.0540 0.36133 7 4.0093517257 7.8968399610 -.2723136081 -.2723136081 .4049969786
-1.0553 0.22749 7 3.8572737204 5.5498582420 -.2709219641 -.2709219641 .3868079470
-3.6008 0.00004 7 3.7921331827 7.1722161020 -.0049897762 -.0049897762 .3045178380
-2.6540 0.00006 7 4.3744440442 8.9263055819 -.0077547532 -.0077547532 .3092298959
-2.7785 0.01471 7 3.9824746848 6.7036593224 -.0914639728 -.0914639728 .3105482955
-0.4155 0.26954 7 4.4199898678 4.9561664175 -.0630634479 -.0630634479 .4046551713
-0.5197 0.02963 7 4.1300231330 8.1241219828 -.2037385173 -.2037385173 .3286030457
-0.2505 0.19489 7 4.4916870021 7.6305781734 -.1492812891 -.1492812891 .3764194463
-0.1736 0.65441 6 4.3089031036 3.6688346510 -.2959440900 -.2959440900 .2396660054
-1.0282 0.03586 7 4.1747181004 8.5704902804 -.1418927579 -.1418927579 .3338949552
-1.2673 0.07259 7 3.8029941098 6.3926207771 -.1517075106 -.1517075106 .3708284554
-0.1691 0.11516 7 3.8672837915 8.6934264660 -.2832178716 -.2832178716 .3189653004
-0.9731 0.11454 7 3.9984157230 4.1987595753 -.2063844721 -.2063844721 .4014018982
-0.6809 0.06717 7 4.0379304787 8.4989274275 -.2169957579 -.2169957579 .3079603259
0.2978 0.60956 6 4.2161597948 4.0758233897 -.2734214300 -.2734214300 .3609282509
-0.1441 0.02279 7 4.2953895077 8.5916792815 -.2535996581 -.2535996581 .3247577135
-2.1218 0.00893 7 4.0224899441 8.5724892428 -.0830957976 -.0830957976 .3381492355
-1.2963 0.01760 7 4.5287993407 7.5374265270 -.1085848566 -.1085848566 .3186784264
0.6334 0.58567 6 4.4777229529 4.2481339463 -.2733848078 -.2733848078 .4003215430
-3.7034 0.00136 7 4.0534961393 8.7346050912 -.0528550065 -.0528550065 .2672486342
-0.9660 0.02223 7 4.1917352213 8.6024736782 -.1599658192 -.1599658192 .3319234595
-0.2304 0.09971 7 3.8489903866 8.2540545371 -.2786309396 -.2786309396 .3084303109
-2.4839 0.01122 7 4.4613564866 7.2747628719 -.0973784600 -.0973784600 .2814763634
-0.2192 0.52365 7 4.2982423779 8.9263055819 -.2644215216 -.2644215216 .2561765190
-2.1671 0.00753 7 3.8299712515 6.6117070531 -.0646931363 -.0646931363 .3614409619
-0.5270 0.01097 7 4.2328265632 8.9530916779 -.0530838953 -.0530838953 .4056195562
-1.9515 0.00504 7 4.4841043733 4.6889051490 -.2819727164 -.2819727164 .3887672353
-0.4597 0.15331 7 4.5808016601 7.0832622766 -.1944456312 -.1944456312 .2860480361
-0.7124 0.05570 7 4.0646823938 8.4459549247 -.2571428571 -.2571428571 .2208666035
-1.3184 0.03137 7 4.0310986052 8.3995789977 -.1375804925 -.1375804925 .3386985686
-0.5706 0.37521 7 3.8894310739 5.9536486406 -.2776970732 -.2776970732 .3319661854
-2.9494 0.00770 7 4.1121301308 8.5465027315 -.1017639698 -.1017639698 .2837774590
-0.4494 0.00293 7 4.1230911587 6.9663229776 -.0747001556 -.0747001556 .4046795861
-0.8524 0.00503 7 4.1194374828 7.6835506762 -.0609759819 -.0609759819 .3911843012
-0.9168 0.02648 7 4.2149585863 8.4329616694 -.1202215643 -.1202215643 .3517910092
-0.4900 0.00134 7 4.4055753654 8.3394102300 -.0212408825 -.0212408825 .3924355601
-2.7970 0.01143 7 3.8256418957 8.1926863924 -.1197088533 -.1197088533 .3052746971
-0.5403 0.03425 7 4.4164863428 8.7497972050 -.2015869624 -.2015869624 .2903267311
-0.2728 0.28324 7 4.3166108584 7.1142461929 -.1661641285 -.1661641285 .3821386150
0.0301 0.27529 7 4.3282976165 9.5080036320 -.2621875667 -.2621875667 .3694795373
-1.1491 0.04071 7 4.5009713430 6.5915175335 -.0895504623 -.0895504623 .3389488204
-0.7979 0.18018 7 4.4969923397 5.4291209150 -.1252845850 -.1252845850 .3398033387
-0.5017 0.73158 6 4.5209164097 3.3002259897 -.2862666707 -.2862666707 .3854773400
-1.0630 0.05029 7 4.4210409253 6.9503312790 -.1257972960 -.1257972960 .3284016235
-0.3619 0.07870 7 3.9599269997 7.2409804078 -.2178746910 -.2178746910 .3680878933
-0.1054 0.98291 6 4.4440640888 3.7375989568 -.2754356517 -.2754356517 .3010082094
-0.1075 0.00399 7 4.3877073884 7.0624730679 -.0358806115 -.0358806115 .4070600299
-0.9270 0.08867 7 4.2994185613 6.8100041202 -.1811883907 -.1811883907 .2970774254
-0.3211 0.47993 7 4.5558515579 5.4027346114 -.2945524460 -.2945524460 .2122298654
0.0166 0.75537 7 4.5095800042 7.9262247079 -.0581469160 -.0581469160 .4019634388
0.4036 0.88214 6 4.4503454084 3.8001664786 -.2168950468 -.2168950468 .4027630237
-0.0555 0.25539 7 4.5066020081 8.6826320693 -.2282662434 -.2282662434 .3524257942
-1.2910 0.03680 7 4.5087041230 6.3476441240 -.0814844202 -.0814844202 .3353781548
-1.7890 0.01102 7 3.8277440106 7.3511232343 -.2324045533 -.2324045533 .2168442640
-3.8321 0.00938 7 3.8904070558 9.2383436080 -.1298623615 -.1298623615 .2144943388
-1.0825 0.01526 7 3.8128290047 7.5923979922 -.2612903225 -.2612903225 .2183518784
-0.1380 0.06977 7 3.8984901882 9.2079593803 -.2470168156 -.2470168156 .4065534226
-1.1255 0.03551 7 4.3701397136 7.3825069436 -.1965971861 -.1965971861 .2498652912
-0.1764 0.26113 7 3.8839755851 7.6211830506 -.2521988586 -.2521988586 .3868506729
-0.4521 0.03370 7 3.9555475935 7.6807521291 -.2853328043 -.2853328043 .2137679982
-1.0650 0.02811 7 4.1740424206 8.9227074501 -.2364055299 -.2364055299 .2094038514
-0.6822 0.29567 7 4.3981178624 5.4818935215 -.1589678640 -.1589678640 .3387535019
-0.3492 0.06286 7 4.0746424145 8.9976685387 -.2064577165 -.2064577165 .3622100283
-1.1722 0.01644 7 4.1089769584 7.9807963807 -.1100222784 -.1100222784 .3557828302
-1.6497 0.02995 7 4.1276707662 7.0346874910 -.1674275948 -.1674275948 .2875556505
-0.9653 0.00381 7 4.3098790856 8.2820400101 -.1443281349 -.1443281349 .3323690298
-0.4182 0.47682 7 4.4338538162 5.6342144541 -.2320932645 -.2320932645 .3799901120
-0.1743 0.35802 7 4.2636325571 7.1624211861 -.1752281258 -.1752281258 .4056683858
-0.1052 0.02536 7 4.5956916409 8.7390028083 -.0437910092 -.0437910092 .3958170110
-0.3040 0.33123 7 3.9906078676 9.2743249307 -.2862025818 -.2862025818 .2448419446
-2.0751 0.00494 7 4.3381825616 7.8410689112 -.1623187963 -.1623187963 .2480036622
-0.6772 0.08946 7 3.9390810266 8.7390028083 -.2742454298 -.2742454298 .2110884731
-0.3511 0.02624 7 3.9384804222 7.3988984345 -.1909298989 -.1909298989 .4041668752
-0.6269 0.00154 7 4.2192378917 7.4120915867 -.0470870082 -.0470870082 .3946939298
-1.0936 0.18814 7 4.1017196569 4.5631704157 -.2015778069 -.2015778069 .3596464735
-0.6385 0.47498 7 3.9606277046 5.4527086708 -.2966765343 -.2966765343 .2454462111
-2.7074 0.00072 7 4.2143079317 7.7329250471 -.1168523209 -.1168523209 .2751834467
-0.2905 0.08351 7 3.7840750755 6.8092045355 -.2882076479 -.2882076479 .3931863155
-0.1325 0.08216 7 4.3920117190 6.3470444355 -.0671102023 -.0671102023 .3951333964
-0.3734 0.44826 7 4.5750458692 5.5850399799 -.2641926328 -.2641926328 .2408135013
-0.0605 0.02520 7 4.4167616199 9.3892652673 -.2345103305 -.2345103305 .3615081026
-0.6607 0.39741 7 4.0799477522 5.6088276320 -.2461012604 -.2461012604 .3610564287
-1.7279 0.00280 7 4.1625558640 6.9771173743 -.0516190069 -.0516190069 .3512355723
-0.7425 0.03466 7 3.8455869624 7.6255807677 -.1157261879 -.1157261879 .4059674672
-1.4948 0.00730 7 4.0559736319 7.9793971075 -.1539689321 -.1539689321 .3192277596
-0.5729 0.00091 7 4.1446378368 6.1561435288 -.0120120853 -.0120120853 .4058209784
-1.9948 0.00751 7 3.8485149082 6.8749703974 -.1123020111 -.1123020111 .3449609668
-0.5158 0.00209 7 3.7854514602 7.3213386951 -.2584063234 -.2584063234 .3025524460
-1.3237 0.05714 7 4.3239432355 6.6970627466 -.1420392468 -.1420392468 .3103163548
-1.8344 0.00194 7 4.5331787468 8.6816325877 -.1101504562 -.1101504562 .2935311746
-0.4973 0.11779 7 3.9907580186 9.2229515980 -.1668599505 -.1668599505 .3730440992
-1.6615 0.05421 7 4.3502196722 4.9915480517 -.2786858729 -.2786858729 .3896888943
-0.2170 0.58185 7 4.5515972777 7.4220863980 -.2640919217 -.2640919217 .2993541062
-0.6132 0.32801 7 4.3582277290 5.7065768917 -.2058076723 -.2058076723 .3073255409
-0.2245 0.30434 6 4.6019479354 3.6376508379 -.2840968047 -.2840968047 .3136978057
-2.1966 0.00180 7 4.0728406017 7.0526781520 -.0475997192 -.0475997192 .3430260933
-3.9210 0.00000 7 4.3146088442 9.3718742949 -.0014648884 -.0014648884 .2440057374
-1.1491 0.03546 7 4.0283708609 7.1252404865 -.2032715841 -.2032715841 .2856329844
-0.1924 0.93686 7 4.5306762291 6.3340511802 -.2126926480 -.2126926480 .3398216498
-0.9221 0.00391 7 4.1085014800 9.2203529471 -.0373729666 -.0373729666 .4002971282
-3.4074 0.00404 7 4.0964143192 6.9933089697 -.0484420300 -.0484420300 .2898445387
-2.5898 0.00344 7 4.0208883326 8.0745477163 -.0706991790 -.0706991790 .3244403210
-0.1848 0.68991 7 4.5037741629 6.7956115911 -.2030701620 -.2030701620 .3379539170
-0.2116 0.21998 6 4.5220425427 4.0250497455 -.2588000121 -.2588000121 .2989573656
-0.1462 0.05166 7 3.9206875209 8.8841274759 -.2742362742 -.2742362742 .3719393292
0.0646 0.01080 7 4.1949384441 9.4212486652 -.2697958311 -.2697958311 .3941079744
-0.4104 0.00134 7 4.5443650013 8.1692985327 -.0238593706 -.0238593706 .3824682149
-0.5448 0.04233 7 3.8583748282 7.0540774259 -.1457380901 -.1457380901 .3965555589
-0.8257 0.28773 7 4.0315240333 5.6665976442 -.2059816278 -.2059816278 .3404198126
-1.1261 0.00042 7 3.8964130984 6.0737862791 -.0092471083 -.0092471083 .4061322672
-0.9042 0.20873 7 4.0494170354 5.9468521687 -.2093142490 -.2093142490 .3121047395
-0.7056 0.24475 7 4.5278734091 7.9232262647 -.2620136112 -.2620136112 .3402855311
-0.5655 0.01043 7 4.5272728049 6.0607930238 -.0367412335 -.0367412335 .3670136417
-0.6837 0.03524 7 4.2571510360 7.5756067083 -.1553239539 -.1553239539 .3487757805
-0.2824 0.46879 7 4.3130823083 6.6001130716 -.1716483046 -.1716483046 .3844152958
-3.0534 0.00031 7 3.7993404339 7.9180289621 -.0345988341 -.0345988341 .3329794000
-1.1875 0.00243 7 4.4447647938 4.6343334762 -.2526841029 -.2526841029 .3692048707
-1.8235 0.02170 7 3.8841757865 8.9309031959 -.1118717001 -.1118717001 .3498317209
-2.4222 0.00269 7 3.9379048432 7.2275873595 -.1155247657 -.1155247657 .3149185460
-0.4554 0.43181 7 4.2408846705 6.1005723751 -.1852351451 -.1852351451 .3604582659
-0.1363 0.77943 7 4.4421621753 7.2547732478 -.2586352122 -.2586352122 .2796086306
-0.4038 0.08454 7 4.5977186803 7.7625096902 -.1350718710 -.1350718710 .3542141788
-2.0932 0.00304 7 4.5769728079 9.4576297801 -.0557756279 -.0557756279 .3055066377
-3.8030 0.00030 7 3.9667838984 8.5866818751 -.0302407910 -.0302407910 .2701356852
-0.3868 0.36710 7 3.9540711080 6.3738305308 -.2841059602 -.2841059602 .2947824335
-0.0865 0.34985 7 4.4273722952 9.4064563436 -.2221778008 -.2221778008 .3611723990
-0.2426 0.44812 7 4.5374580523 7.3873044531 -.2138554032 -.2138554032 .3718599810
0.0198 0.10974 7 4.4270219427 8.7192130804 -.2227637562 -.2227637562 .3849157994
-2.2084 0.04684 7 3.9778700521 6.1409514149 -.1264015625 -.1264015625 .3138748130
-0.7644 0.35978 7 4.1207638172 5.3499620048 -.1743217261 -.1743217261 .3641510055
-1.6933 0.09631 7 4.0949878841 4.6853070166 -.2898007141 -.2898007141 .2949777520
-3.1161 0.01071 7 3.7935095675 8.3558017216 -.1858302560 -.1858302560 .2172043824
-1.6399 0.03082 7 3.9295964842 8.4295634331 -.1407574693 -.1407574693 .3320089114
-1.7700 0.01830 7 4.4189388103 4.4322383804 -.2700430310 -.2700430310 .3636993316
-1.9070 0.03274 7 4.2790730917 6.9781168558 -.1728568376 -.1728568376 .2484858546
-0.9462 0.05793 7 3.8822988982 6.9697212138 -.2421552171 -.2421552171 .2613707693
-1.9614 0.01090 7 4.1351783195 8.6922270883 -.0919858394 -.0919858394 .3297871639
-0.1095 0.18656 7 4.5167372050 7.4948486287 -.1832483901 -.1832483901 .3904884792
-0.5409 0.01252 7 4.4966169621 8.8491456348 -.0697836237 -.0697836237 .3716463515
-2.0466 0.05486 7 4.1341773124 6.2910734888 -.1439710684 -.1439710684 .2922188787
-0.9025 0.04852 7 4.1210891445 9.3596806243 -.1768761253 -.1768761253 .3296834009
-0.2876 0.13710 7 4.4567518539 7.5478211314 -.2593310342 -.2593310342 .2094404736
-0.3710 0.47279 7 4.5444400768 5.6416106145 -.2646229437 -.2646229437 .2429436933
-0.2535 0.13679 7 4.5333038727 9.1549868775 -.1744224372 -.1744224372 .3541287270
-0.9500 0.00559 7 4.5498204900 8.5071231733 -.0697927793 -.0697927793 .3453332926
-0.2919 0.03239 7 4.0188612933 9.0168585774 -.2106692709 -.2106692709 .3803807489
-0.5131 0.12559 7 3.8597011627 6.8869641718 -.2418347727 -.2418347727 .3225664845
0.2183 0.42994 7 4.4642093569 9.1505891604 -.2590380565 -.2590380565 .4049298379
-0.1577 0.70297 7 4.5704912869 7.0484803310 -.2638264107 -.2638264107 .2437554857
-0.4102 0.19137 7 3.9634305245 8.8845272689 -.2856074709 -.2856074709 .2251697134
-0.3911 0.29350 7 4.2414852747 6.7520342118 -.2611896114 -.2611896114 .2302113711
-1.1388 0.00504 7 4.0590767540 7.3331325727 -.1019196142 -.1019196142 .3657440717
0.8448 0.14076 6 4.3369813531 4.0146551412 -.2931699575 -.2931699575 .3936746116
-1.7115 0.12668 7 3.9838260444 4.6141439560 -.2978667561 -.2978667561 .2703859370
-3.0024 0.00153 7 3.9399068574 8.2380628379 -.0513809625 -.0513809625 .3197282631
-0.2394 0.37582 7 4.3968415783 7.0978547020 -.2066957609 -.2066957609 .3271930906
-2.6526 0.00015 7 4.0558735312 7.2995500048 -.0185033722 -.0185033722 .3326925260
-0.7136 0.00796 7 3.8782448194 7.3139425340 -.2269203771 -.2269203771 .3134902798
-3.7163 0.00036 7 4.3106548661 8.8875257122 -.0283455915 -.0283455915 .2581907406
-0.1026 0.42906 7 4.4409609667 7.5959961247 -.2279091768 -.2279091768 .3860144657
0.2664 0.99265 7 4.2049735404 5.9826335952 -.2928769798 -.2928769798 .3127761467
-0.6479 0.33400 7 4.1118798791 5.8952789398 -.1945921201 -.1945921201 .3502101504
-0.2839 0.35896 7 3.9876048462 8.7921752072 -.2821924497 -.2821924497 .2573606372
-1.4553 0.04926 7 3.8796962797 6.5771250043 -.1267860957 -.1267860957 .3650787682
-0.2635 0.56924 7 4.5432638935 6.4721794797 -.2520706808 -.2520706808 .2421257972
-2.8423 0.00304 7 4.3727423321 8.6560458695 -.0688955351 -.0688955351 .2870002136
-1.5371 0.01283 7 4.3369313027 7.5995942571 -.1507827997 -.1507827997 .2889472945
-0.2403 0.16747 7 3.9870793175 9.4918120372 -.2231666005 -.2231666005 .3902199163
-0.3255 0.00122 7 4.5889348429 6.7918135631 -.0157017731 -.0157017731 .3775913571
-3.1112 0.00010 7 3.7857267372 7.3003495901 -.0117282631 -.0117282631 .3348654438
-1.5631 0.02242 7 3.9908080690 8.4361600089 -.1192052979 -.1192052979 .3450708334
-0.4082 0.01600 7 4.1554987639 7.9676032293 -.1925321207 -.1925321207 .3527798089
-1.4609 0.16767 7 3.8713378703 4.3972565387 -.2088747825 -.2088747825 .4022808313
-2.7350 0.01565 7 4.2087022919 8.9540911594 -.1405835139 -.1405835139 .2511653798
-2.4361 0.00584 7 4.3981679127 8.8467468800 -.1718405712 -.1718405712 .2092207403
-2.6927 0.00035 7 3.9162580644 7.4598667869 -.0734092226 -.0734092226 .3284077272
-0.8437 0.23737 7 3.8926092715 5.8988770716 -.1907284768 -.1907284768 .3702180852
-0.9206 0.29131 7 3.9363032318 5.5132772308 -.1789544358 -.1789544358 .3729769585
-1.0293 0.20246 7 4.2041477095 5.0269296858 -.2816431165 -.2816431165 .2933114413
-0.2369 0.06673 7 4.0170845057 8.7320064396 -.2142399365 -.2142399365 .3880531022
-0.7864 0.23299 7 4.3320013428 5.0333263653 -.2689992980 -.2689992980 .2535030976
-0.0495 0.72966 7 4.5996456190 7.9462143320 -.1543992431 -.1543992431 .3999064912
-2.8530 0.00118 7 4.3047489241 9.1527880189 -.0353862117 -.0353862117 .3025585497
-2.9774 0.00300 7 4.5712670674 8.6554461810 -.0905117953 -.0905117953 .2553281044
-1.3144 0.05635 7 3.8725641041 9.4088550984 -.2011017181 -.2011017181 .3023082979
-2.8680 0.00917 7 3.7938098696 8.8297556999 -.0922055726 -.0922055726 .3217791070
-0.4150 0.29916 7 4.3390834680 5.5548556477 -.0934965056 -.0934965056 .4048504898
-0.1930 0.29448 7 4.0405831476 8.1651007117 -.2874019592 -.2874019592 .3241595507
-1.2207 0.20424 7 3.8276689351 5.4037340929 -.1453535569 -.1453535569 .3834387035
-0.1518 0.25696 7 4.3775972166 7.8650564594 -.1766563920 -.1766563920 .3863928952
-0.2557 0.14731 7 4.5112066407 8.1049319441 -.1544541764 -.1544541764 .3704744407
-0.8628 0.18275 7 4.2619058198 6.0821819211 -.1696432386 -.1696432386 .3251788689
-2.7464 0.00192 7 3.9255674306 7.5546176033 -.1207434308 -.1207434308 .2974985808
-3.1604 0.00601 7 3.8881547898 8.4547503590 -.0925717947 -.0925717947 .2978525955
-1.8838 0.08075 7 4.1150330515 4.8622151865 -.2807184057 -.2807184057 .3640411389
-0.6579 0.04203 7 4.3444638813 9.3880658896 -.1734061708 -.1734061708 .3264362315
-0.8998 0.30822 7 4.0014437696 5.3293726922 -.2333841975 -.2333841975 .3725558030
-0.2793 0.18586 7 4.0686613970 6.7778208262 -.2596972563 -.2596972563 .3539883419
-0.8170 0.02972 7 4.4428879054 7.6439712217 -.1270882290 -.1270882290 .3413231604
-0.1840 0.11063 7 4.5419125338 4.6161429184 -.1571825311 -.1571825311 .4037090975
-0.4870 0.02394 7 4.5080284432 8.7531954407 -.1969634082 -.1969634082 .2910652790
-0.4156 0.31600 7 4.4477177648 6.5155569634 -.2397289956 -.2397289956 .2410576494
-0.9897 0.00589 7 4.0852030396 7.5756067083 -.1947202978 -.1947202978 .3019664906
-0.6064 0.16631 7 4.5629086580 6.6179038365 -.2068788720 -.2068788720 .2562863856
-3.5637 0.00530 7 4.3944641864 9.3652777191 -.0910336619 -.0910336619 .2355643177
-3.5739 0.00472 7 4.3564259162 9.2967133095 -.0851557969 -.0851557969 .2414116641
-0.5869 0.13901 7 3.8191853999 9.2735253460 -.2419995727 -.2419995727 .3242450025
-1.2934 0.00445 7 4.3091783806 7.0230935089 -.0610309152 -.0610309152 .3518154240
-2.1615 0.00321 7 4.4746949064 8.8357525871 -.1087313455 -.1087313455 .2856329844
-0.6703 0.32863 7 3.9355274513 5.9962265390 -.2561540574 -.2561540574 .2853949400
-0.3141 0.32387 7 4.3815011444 6.8179999699 -.1585650196 -.1585650196 .3739047212
-0.1569 0.02075 7 4.2261948911 7.1684180734 -.2375316629 -.2375316629 .3941873226
-0.5144 0.31595 7 4.3544489272 6.0951751764 -.2532700582 -.2532700582 .2201768852
-2.7374 0.00395 7 4.0105779594 8.0719490647 -.1771874141 -.1771874141 .2283070162
-0.3109 0.52963 7 4.5842301095 5.8507020784 -.2639912106 -.2639912106 .2603392437
-0.2829 0.20504 7 4.3789736014 6.5977143169 -.2887569810 -.2887569810 .3533596606
-0.0441 0.89639 7 4.2764954984 8.4381589713 -.2512924588 -.2512924588 .3638030945
-0.3655 0.34348 6 4.4486937466 3.2378583641 -.2818170720 -.2818170720 .3240130619
-0.6525 0.07407 7 4.4796999419 6.9285425887 -.1072206793 -.1072206793 .3613982360
-0.8411 0.00245 7 3.9289708547 7.4156897185 -.1796777245 -.1796777245 .3555020599
-0.2478 0.09094 7 4.0496923123 7.3951004066 -.2071535386 -.2071535386 .3896644795
-0.9078 0.22633 7 4.2993434857 5.2538119151 -.1994994964 -.1994994964 .3037731864
-2.0333 0.00057 7 3.9454374217 7.2041994998 -.0644001586 -.0644001586 .3558255561
-1.5069 0.00039 7 4.1928863795 8.1549060035 -.0186681722 -.0186681722 .3650116275
0.2620 0.81247 6 4.1612545548 3.9660803556 -.2327249976 -.2327249976 .3682954191
-0.1777 0.08384 7 4.0584260994 8.8095661797 -.2147068697 -.2147068697 .3955606555
-0.1324 0.96353 7 3.9860032348 7.2353833129 -.2976561784 -.2976561784 .2732241584
-0.3167 0.42727 7 4.3543988768 6.2646871858 -.2961180455 -.2961180455 .3266315500
-0.6703 0.34944 7 4.2380318002 5.1526644191 -.2126377147 -.2126377147 .3739352397
-0.1164 0.38621 7 4.2840030518 7.8636571862 -.2461470381 -.2461470381 .3201982482
-0.4685 0.07285 7 3.8709624927 7.9753991827 -.2291451765 -.2291451765 .3432946562
-0.7418 0.12614 7 4.4835538193 4.9081913211 -.2394634845 -.2394634845 .3440026856
-0.6329 0.03658 7 3.9700872218 8.2794413592 -.1036500137 -.1036500137 .4064557634
-1.6191 0.00290 7 3.9396065553 7.2829586170 -.0904293954 -.0904293954 .3628753318
-1.4131 0.18471 7 3.7961872615 5.1690559101 -.2305093539 -.2305093539 .3392479018
-0.6647 0.08251 7 3.7923584093 8.7070194098 -.1463972899 -.1463972899 .4043805047
-0.3666 0.09934 7 4.3050242011 7.6975434130 -.1867641224 -.1867641224 .3435449079
-0.7497 0.08413 7 4.5331036713 5.0954940947 -.2458174382 -.2458174382 .3927041230
-0.2303 0.33378 7 4.4443143406 7.1852093573 -.2644489883 -.2644489883 .3396324350
-2.1022 0.00526 7 4.4163612170 8.6336574913 -.1571367534 -.1571367534 .2457636036
-1.3814 0.03642 7 4.5585542770 5.1870465717 -.2779534287 -.2779534287 .4060895413
-0.7672 0.00374 7 4.0670848108 7.9522112192 -.0402020325 -.0402020325 .4073652150
-0.8493 0.02039 7 3.8324987944 7.5326290175 -.2612262336 -.2612262336 .2415215308
-0.2448 0.67516 6 3.9421340982 3.4721367539 -.2964110232 -.2964110232 .3518825647
-0.2555 0.52470 7 3.9298717611 6.8857647941 -.2892056031 -.2892056031 .2645202795
-4.4153 0.00069 7 3.9651322366 9.2847195351 -.0378398998 -.0378398998 .2262927945
-0.2879 0.06191 7 3.8625039826 7.3347317427 -.2237983336 -.2237983336 .3994609210
-0.0938 0.29944 7 4.4240439466 8.1563052768 -.2056794945 -.2056794945 .3665009308
-0.3826 0.72379 7 4.2407345194 5.6743935977 -.2010101626 -.2010101626 .3832067629
-0.2740 0.10333 7 4.3057249061 8.1535067296 -.2484176152 -.2484176152 .2650513016
-1.2721 0.00212 7 4.0518444776 9.1429931031 -.0308359019 -.0308359019 .3889320352
-0.5016 0.15490 7 4.0036209600 6.8681739255 -.2214728232 -.2214728232 .3301167638
-3.5446 0.00450 7 3.9463383281 7.4392774750 -.0836909085 -.0836909085 .2752017578
-3.9804 0.00004 7 3.9147065034 8.7505967897 -.0105014190 -.0105014190 .2605223548
-0.4020 0.26486 7 4.0995424664 6.7552325513 -.2240180669 -.2240180669 .3318990447
-0.2232 0.09065 7 4.0086760459 7.8204795986 -.2609881893 -.2609881893 .3294026306
-0.3417 0.06542 7 4.1677611010 7.8794489886 -.2030610064 -.2030610064 .3477259437
-0.9547 0.02115 7 4.3963410748 7.6409727778 -.1120914334 -.1120914334 .3473963438
-0.3675 0.00862 7 4.5235440534 6.9587269209 -.0483779412 -.0483779412 .3765048982
-0.2222 0.47128 6 4.5143097628 3.5147146523 -.2948454237 -.2948454237 .2403496200
-1.1266 0.10213 7 3.9936108889 6.4218056279 -.1938505203 -.1938505203 .3108473769
-0.0334 0.24708 7 4.2470408642 7.8658560447 -.2155949583 -.2155949583 .4068891262
-3.7518 0.00030 7 3.8489653614 7.9837948247 -.0440656758 -.0440656758 .2796391491
-2.6840 0.00561 7 4.1112792748 7.1200431839 -.0801385540 -.0801385540 .3089796441
-0.7200 0.00557 7 4.2718408154 8.0429641108 -.2294930875 -.2294930875 .2415764641
-0.7707 0.04834 7 3.8993410442 7.9630056159 -.2094698934 -.2094698934 .3307576525
-0.2750 0.51619 7 4.5221926938 6.1691367841 -.1320505386 -.1320505386 .3828344370
-0.5190 0.10718 7 3.8578242743 8.5095219280 -.1594622638 -.1594622638 .3937783745
-0.5784 0.00140 7 4.3477672047 7.9835949285 -.0263222144 -.0263222144 .3909218420
0.0403 0.99391 7 3.9898821374 8.3849865723 -.2924558244 -.2924558244 .3868445692
-3.2017 0.01599 7 3.8379292580 6.2990693384 -.0694448682 -.0694448682 .3136184575
-1.2405 0.26956 7 3.8025436567 4.6257379381 -.1811883907 -.1811883907 .3996623432
-0.8163 0.01175 7 4.5002956632 9.1377958012 -.1336619159 -.1336619159 .3333639332
-2.0860 0.09895 7 3.8787453229 4.4418334001 -.2423108615 -.2423108615 .3366599322
0.1905 0.66102 7 4.3831778312 6.2740823087 -.2762321848 -.2762321848 .3116774803
-0.1549 0.00256 7 4.3351044647 7.2123952456 -.2142948698 -.2142948698 .4010295724
-0.8712 0.19548 7 4.4729181187 5.5810420551 -.1693594164 -.1693594164 .3036450086
-1.6588 0.11303 7 4.0464640643 4.8921996219 -.2585985900 -.2585985900 .3933938413
-0.8244 0.26437 7 4.1998684041 5.4507097084 -.2532059694 -.2532059694 .3960245368
-4.1772 0.00127 7 4.0166090273 9.2033617669 -.0472426526 -.0472426526 .2332510147
0.1893 0.46060 7 4.3602797936 9.5138006230 -.2922910245 -.2922910245 .3824682149
-1.3678 0.01644 7 3.8346259345 8.1631017493 -.0929563280 -.0929563280 .3864051026
-0.7751 0.01417 7 4.3940637836 7.9656042669 -.2275521103 -.2275521103 .2196092410
-2.0608 0.00038 7 3.9683104342 7.8150824006 -.0221564378 -.0221564378 .3625823541
-0.2027 0.59475 6 4.3546991790 4.2219475388 -.2141026032 -.2141026032 .3597197180
-2.3463 0.00378 7 3.9778450270 6.3976181835 -.0360179448 -.0360179448 .3483180028
-3.2654 0.00467 7 4.1000429700 8.2836391802 -.1065889461 -.1065889461 .2653381756
-0.1771 0.47116 7 4.2766706747 7.4606663723 -.2625080110 -.2625080110 .2611266212
-1.3964 0.07532 7 4.5181386149 5.3011873230 -.2981688894 -.2981688894 .3698091372
-0.1997 0.49451 7 4.6023233130 9.2295481737 -.2692648090 -.2692648090 .2542050233
-2.3359 0.00769 7 3.9216134525 6.4895704522 -.0563890499 -.0563890499 .3487330545
-1.0944 0.01279 7 3.9668589739 8.3723931094 -.0763481551 -.0763481551 .3927285378
-0.8149 0.04175 7 3.9381050446 8.1289194923 -.1890346995 -.1890346995 .3465662404
-0.6339 0.11013 7 4.1659592882 7.0091007728 -.2142674031 -.2142674031 .2949350260
-0.4644 0.20467 7 4.4595296486 6.2704841762 -.1155156102 -.1155156102 .3749728690
-0.4329 0.16306 7 3.8711126437 8.1774942779 -.2864680928 -.2864680928 .2382438428
-1.2390 0.21352 7 3.8109020660 5.2841961429 -.2603747672 -.2603747672 .3451745963
-2.6106 0.00371 7 3.8464127933 7.1738152721 -.0923795281 -.0923795281 .3297810602
-1.1452 0.05245 7 4.3688133792 6.1837292094 -.0844874416 -.0844874416 .3534451124
0.0752 0.17679 7 4.2658097475 8.0541582999 -.2792901394 -.2792901394 .3608794213
-0.8642 0.02025 7 3.7875786003 7.4100926243 -.2252357554 -.2252357554 .3168656270
-0.9657 0.00470 7 4.1435367289 8.0545580922 -.1443189794 -.1443189794 .3509486983
-3.7100 0.00310 7 4.0072245856 8.3430083625 -.1103610339 -.1103610339 .2378409985
-2.2309 0.00329 7 4.3213155918 7.4232857757 -.0952177495 -.0952177495 .3005382244
-1.0883 0.07588 7 4.2835525986 6.5023638113 -.1239204077 -.1239204077 .3425133823
-3.2723 0.01589 7 3.9762934659 9.0144598226 -.1539597765 -.1539597765 .2286183050
-1.2310 0.09926 7 4.4623825189 5.1480668051 -.2964842676 -.2964842676 .3351156956
-0.9781 0.25930 7 4.0950379344 5.0035418261 -.2233405560 -.2233405560 .3688264412
-0.1592 0.04307 7 4.4189388103 9.3670767847 -.2190923795 -.2190923795 .3324544816
-0.7145 0.00051 7 4.4567268287 7.7870969269 -.0259285256 -.0259285256 .3733553880
-1.5627 0.13556 7 4.0480406505 4.8112416461 -.2982329782 -.2982329782 .2942086855
-0.9725 0.24116 7 3.8029190343 5.6687965028 -.1973570970 -.1973570970 .3781956236
-1.2871 0.00375 7 4.4218417309 8.3084263137 -.0617908261 -.0617908261 .3446008484
-0.2750 0.32087 7 4.5085789971 6.4306010622 -.1132084108 -.1132084108 .3929909970
-2.2253 0.00346 7 4.2358546097 8.6782343521 -.0568376720 -.0568376720 .3260516983
-0.1868 0.24154 7 4.3751447492 7.5684104440 -.2681386761 -.2681386761 .2307668080
-0.6488 0.00437 7 4.0043466902 7.1254403826 -.0792413098 -.0792413098 .4060834376
0.1797 0.97091 7 4.5746704915 6.3922209848 -.2321115756 -.2321115756 .4047223120
-2.3798 0.00782 7 3.8687602770 5.9196662804 -.0397350993 -.0397350993 .3562161931
-1.8349 0.01834 7 4.5009713430 7.4320812101 -.1705313272 -.1705313272 .2310719931
-0.7155 0.06631 7 4.4178126773 7.1556247142 -.1294961394 -.1294961394 .3488001953
-0.1282 0.32453 7 3.8776692403 8.3584003726 -.2749412518 -.2749412518 .3401634571
-0.1469 0.44240 7 4.1347528916 9.0258539085 -.2830713827 -.2830713827 .3423363750
-1.0123 0.00546 7 4.1325506759 7.8474655907 -.2043061616 -.2043061616 .2798161564
-1.1255 0.02592 7 4.0536462904 8.1980835904 -.2162358470 -.2162358470 .2639465315
-2.8229 0.01121 7 4.0665092317 4.3858624534 -.2813409832 -.2813409832 .4041180455
-0.3717 0.05006 6 4.6026486403 4.4880094303 -.2972991119 -.2972991119 .2508968169
-1.7601 0.00430 7 4.5548255256 8.9341015354 -.1211737418 -.1211737418 .2864325693
-0.2446 0.22004 7 4.5273478804 7.0364865573 -.2898007141 -.2898007141 .3712984405
0.2830 0.81316 6 3.8974891811 3.7340008243 -.2859736930 -.2859736930 .3711885738
-1.7932 0.10072 7 4.0799477522 5.0319270914 -.2855616931 -.2855616931 .3716402478
-0.6628 0.07756 7 4.5850809655 4.7376798308 -.2175542466 -.2175542466 .3045483565
-0.4529 0.30692 7 4.5900359507 6.1719353318 -.2864406262 -.2864406262 .4029156163
-4.1184 0.00138 7 4.2114550614 8.9388990449 -.0583758049 -.0583758049 .2226122623
-1.2572 0.00020 7 4.0373298745 9.2649298078 -.0091830195 -.0091830195 .3934915005
-0.9553 0.02606 7 4.1183113497 7.3391294599 -.1577593310 -.1577593310 .3423485824
-2.0473 0.00064 7 3.8384047364 8.8821285135 -.0195654164 -.0195654164 .3764743797
-3.7718 0.00075 7 4.3212655415 8.6326580098 -.0542832727 -.0542832727 .2462030701
-0.6383 0.00342 7 4.2259446393 8.5612950531 -.0333353679 -.0333353679 .4018352610
-1.3897 0.00748 7 4.1876310922 9.0010667750 -.0648121585 -.0648121585 .3615447248
-0.3868 0.45417 7 4.5462418896 5.9178672141 -.2604113895 -.2604113895 .3878150578
-0.3812 0.46744 7 4.5537744681 5.8790873444 -.2337687307 -.2337687307 .2819341410
0.1979 0.82536 7 4.3895842768 6.2772806488 -.2212164677 -.2212164677 .3627288430
-0.3216 0.83968 6 3.8893059479 3.4631414234 -.2659413434 -.2659413434 .3953592333
-2.3464 0.00046 7 3.9021188390 6.6984620199 -.0155369731 -.0155369731 .3577238074
-0.2834 0.11491 7 3.8060972319 8.4453552355 -.2623157444 -.2623157444 .3532558977
-0.9536 0.24165 7 4.1445877864 5.4491105384 -.2002594073 -.2002594073 .3178666341
-0.6891 0.13646 7 4.3889586473 6.1219612724 -.1079256569 -.1079256569 .3676972563
0.1022 0.39571 7 4.3990437939 7.9462143320 -.2767357402 -.2767357402 .3600187994
-1.1082 0.00064 7 4.0099022797 7.4974472796 -.0267525253 -.0267525253 .3968729514
-0.5470 0.07432 7 4.5211416363 7.4910506000 -.2345835749 -.2345835749 .2104292733
-0.2777 0.26044 7 4.3365809503 7.4084934542 -.2326609088 -.2326609088 .2869574877
-0.2796 0.30783 7 4.4983436993 7.0666708888 -.2158513138 -.2158513138 .2910286568
-0.1587 0.52154 7 4.4479179661 9.0940185252 -.2666920987 -.2666920987 .2701601001
-0.2594 0.03819 7 3.9475395367 7.3729119239 -.2517685476 -.2517685476 .3497279580
-0.2563 0.21684 7 3.9945868709 7.6051913513 -.2754264961 -.2754264961 .2688050782
-0.1399 0.16082 7 4.5878837854 7.3055468920 -.1776451917 -.1776451917 .3870093691
