-0.7090 0.21132 7 4.3659104586 4.8668127998 -.2128940702 -.2128940702 .3499293801
-0.7213 0.31648 7 4.2900841700 5.4724983980 -.1851527451 -.1851527451 .3314351634
-0.6613 0.31473 7 4.3383076875 5.0872983496 -.2027954954 -.2027954954 .3431969969
0.6897 0.64881 6 4.4684886623 4.0474381243 -.2504226813 -.2504226813 .3749484542
-3.9289 0.00035 7 3.9577247840 8.1273203229 -.0635578478 -.0635578478 .2503718985
-3.1261 0.00779 7 4.0700628070 7.2299861143 -.1046571245 -.1046571245 .2777714163
-4.7253 0.00006 7 3.8455869624 9.0230553608 -.0225318155 -.0225318155 .2230212103
-4.5713 0.00014 7 3.8639304177 8.8765314193 -.0292428357 -.0292428357 .2274952238
-2.1548 0.03474 7 4.1453385418 6.6286982332 -.1321970274 -.1321970274 .2961313516
-0.6868 0.25345 7 4.3563508407 4.9431731622 -.2093966490 -.2093966490 .3475977660
-0.6700 0.34981 7 4.3074266181 5.3339703062 -.1914975432 -.1914975432 .3356650288
-4.4371 0.00022 7 3.8800716573 8.7475983465 -.0351481673 -.0351481673 .2314321115
-0.4712 0.47322 6 4.4338037659 4.3244943087 -.2377330851 -.2377330851 .3664887234
-3.7632 0.00155 7 3.9900573137 7.8690543842 -.0753868221 -.0753868221 .2582578814
-3.5022 0.00377 7 4.0305981016 7.5452224805 -.0902188176 -.0902188176 .2681458784
-3.9169 0.00041 7 3.9600771507 8.1085300765 -.0644184697 -.0644184697 .2509456465
0.5415 0.62471 6 4.5271476789 3.5788813447 -.2718832971 -.2718832971 .3892555314
-0.6559 0.33559 7 4.3292986235 5.1592609949 -.1994994964 -.1994994964 .3409996642
-4.2220 0.00028 7 3.9083250831 8.5219154948 -.0454847865 -.0454847865 .2383231910
-4.5567 0.00015 7 3.8656571550 8.8627385786 -.0298745689 -.0298745689 .2279163792
-4.6563 0.00009 7 3.8538452711 8.9570896027 -.0255531479 -.0255531479 .2250354319
-2.8064 0.01213 7 4.0957636646 7.0246926790 -.1140598773 -.1140598773 .2840399182
-0.4148 0.68775 6 4.5860068971 3.1087253951 -.2934171574 -.2934171574 .4036114383
-0.7534 0.14107 7 4.3799245582 4.7548709071 -.2180211798 -.2180211798 .3533474532
-3.7155 0.00193 7 3.9986409496 7.8004899752 -.0785271767 -.0785271767 .2603514511
-0.8788 0.22646 7 4.2609298378 5.7053775146 -.1744865260 -.1744865260 .3243243507
-1.7378 0.05900 7 4.1758942838 6.3846249282 -.1433759574 -.1433759574 .3035839716
-0.6951 0.86937 6 4.4800502944 3.9550860627 -.2546525467 -.2546525467 .3777683645
-0.8147 0.06578 7 4.3944391613 4.6389310896 -.2233314004 -.2233314004 .3568876003
0.7344 0.79564 6 4.4404354380 4.2715218059 -.2401593066 -.2401593066 .3681062044
-4.5049 0.00018 7 3.8718383739 8.8133642083 -.0321359904 -.0321359904 .2294239936
0.3840 0.19874 6 4.5362568437 3.5061191141 -.2752159184 -.2752159184 .3914772789
-3.3457 0.00533 7 4.0488414562 7.3994981237 -.0968932157 -.0968932157 .2725954771
-4.0008 0.00004 7 3.9441110873 8.2360638755 -.0585772270 -.0585772270 .2470514847
-4.6532 0.00010 7 3.8542206487 8.9540911594 -.0256904812 -.0256904812 .2251269875
-2.3214 0.02855 7 4.1334015320 6.7240487381 -.1278298287 -.1278298287 .2932198858
-2.0932 0.03744 7 4.1497429730 6.5935164959 -.1338084047 -.1338084047 .2972056031
-3.3206 0.00559 7 4.0514941251 7.3783091226 -.0978637043 -.0978637043 .2732424695
-3.3058 0.00575 7 4.0530206609 7.3661154520 -.0984221930 -.0984221930 .2736147953
-0.7384 0.16303 7 4.3756702779 4.7888532673 -.2164647358 -.2164647358 .3523098239
-0.6585 0.35191 7 4.3159602038 5.2658056889 -.1946195867 -.1946195867 .3377463911
-4.3966 0.00024 7 3.8851017181 8.7074192028 -.0369884334 -.0369884334 .2326589556
0.5805 0.58600 6 4.5223428448 3.6172614221 -.2701254310 -.2701254310 .3880836207
-0.7241 0.31454 7 4.2893834650 5.4780954929 -.1848963896 -.1848963896 .3312642597
-2.2763 0.02247 7 4.1321252479 6.7342434463 -.1273628955 -.1273628955 .2929085970
-3.8944 0.00055 7 3.9645066072 8.0731484424 -.0660390026 -.0660390026 .2520260017
-0.7949 0.08776 7 4.3901348307 4.6733132421 -.2217566454 -.2217566454 .3558377636
-0.6972 0.23275 7 4.3612307503 4.9041933963 -.2111819818 -.2111819818 .3487879879
-0.2345 0.53934 6 4.4221920834 4.4172461627 -.2334849085 -.2334849085 .3636566057
-3.2692 0.00615 7 4.0566993621 7.3367307051 -.0997680593 -.0997680593 .2745120395
-1.4040 0.09374 7 4.2031967528 6.1665381331 -.1533646656 -.1533646656 .3102431104
-3.0537 0.00868 7 4.0762940762 7.1802119516 -.1069368571 -.1069368571 .2792912381
-0.4975 0.57176 6 4.5960169682 3.0287669002 -.2970793786 -.2970793786 .4060529190
-4.4683 0.00020 7 3.8762678304 8.7779825742 -.0337565233 -.0337565233 .2305043488
0.3854 0.25002 6 4.5411617786 3.4669394514 -.2770104068 -.2770104068 .3926736045
0.6168 0.57025 6 4.5170124820 3.6598393205 -.2681752983 -.2681752983 .3867835322
-4.9085 0.00002 7 3.8220883205 9.2107579274 -.0139347514 -.0139347514 .2172898342
-2.0625 0.03889 7 4.1519451887 6.5759256266 -.1346140934 -.1346140934 .2977427289
-3.1873 0.00707 7 4.0645322427 7.2741631827 -.1026337473 -.1026337473 .2764224982
-0.7004 0.22686 7 4.3625570848 4.8935988958 -.2116672261 -.2116672261 .3491114841
-0.6709 0.34939 7 4.3069761650 5.3375684380 -.1913327433 -.1913327433 .3355551622
0.7868 0.84992 6 4.4407857905 4.2687232588 -.2402874843 -.2402874843 .3681916562
-2.2995 0.02193 7 4.1306237372 6.7462372208 -.1268135624 -.1268135624 .2925423749
-4.3306 0.00027 7 3.8935352030 8.6400541709 -.0400738547 -.0400738547 .2347159031
-1.5836 0.07270 7 4.1880314950 6.2876752532 -.1478164006 -.1478164006 .3065442670
-2.1429 0.03524 7 4.1461893978 6.6219017613 -.1325083162 -.1325083162 .2963388775
-2.0695 0.03856 7 4.1514446851 6.5799235514 -.1344309823 -.1344309823 .2976206549
0.4993 0.68968 6 4.5320526138 3.5397016820 -.2736777855 -.2736777855 .3904518570
0.7296 0.19481 6 4.4530731528 4.1705742061 -.2447828607 -.2447828607 .3711885738
-4.3602 0.00026 7 3.8897063508 8.6706382948 -.0386730552 -.0386730552 .2337820368
-0.8514 0.03027 7 4.4017465132 4.5805613881 -.2260048219 -.2260048219 .3586698812
-0.6769 0.34620 7 4.3040982695 5.3605565053 -.1902798547 -.1902798547 .3348532364
-2.0852 0.03782 7 4.1503185521 6.5889188819 -.1340189825 -.1340189825 .2973459883
-3.4780 0.00400 7 4.0336511734 7.5208351393 -.0913357951 -.0913357951 .2688905301
-2.3238 0.02137 7 4.1290471510 6.7588306837 -.1262367625 -.1262367625 .2921578417
-0.8395 0.04104 7 4.3994692220 4.5987519459 -.2251716666 -.2251716666 .3581144444
-3.4768 0.00401 7 4.0338013244 7.5196357622 -.0913907284 -.0913907284 .2689271523
-3.8719 0.00069 7 3.9689861140 8.0373670159 -.0676778466 -.0676778466 .2531185644
0.2321 0.91290 6 4.5691399272 3.2434554589 -.2872463148 -.2872463148 .3994975432
-4.7126 0.00007 7 3.8471134982 9.0108616908 -.0230903042 -.0230903042 .2233935361
-0.7362 0.16657 7 4.3749945981 4.7942504660 -.2162175359 -.2162175359 .3521450239
-3.5792 0.00305 7 4.0201876277 7.6283793148 -.0864101077 -.0864101077 .2656067384
-3.1843 0.00710 7 4.0648075197 7.2719643241 -.1027344584 -.1027344584 .2764896389
-0.8885 0.22210 7 4.2595034027 5.7167715999 -.1739646595 -.1739646595 .3239764397
-1.8274 0.05243 7 4.1691124606 6.4387968080 -.1408948026 -.1408948026 .3019298684
-0.6618 0.35243 7 4.3126819055 5.2919920963 -.1934202093 -.1934202093 .3369468062
-3.6702 0.00228 7 4.0062736289 7.7395216228 -.0813196203 -.0813196203 .2622130802
-3.0249 0.00905 7 4.0786964933 7.1610219129 -.1078157902 -.1078157902 .2798771935
-2.3045 0.02911 7 4.1346277656 6.7142538229 -.1282784508 -.1282784508 .2935189672
-1.0072 0.17726 7 4.2437375407 5.8427062294 -.1681966612 -.1681966612 .3201311075
-1.2968 0.10995 7 4.2129815973 6.0883787045 -.1569444868 -.1569444868 .3126296578
-3.1668 0.00730 7 4.0664091311 7.2591709650 -.1033204138 -.1033204138 .2768802758
1.3878 0.49837 6 4.4813766288 3.9444915621 -.2551377910 -.2551377910 .3780918607
