# Cq eta a c Ox Oy Oz
-5.1120 0.00000 7 3.784 9.515 0.0 0.0 0.208
-3.9183 0.00041 7 3.9598018737 8.1107289351 -.0643177587 -.0643177587 .2508785058
-0.6775 0.27353 7 4.3512206792 4.9841518912 -.2075197607 -.2075197607 .3463465071
-1.2113 0.12557 7 4.2212899562 6.0220131541 -.1599841303 -.1599841303 .3146560869
-0.2783 0.67254 6 4.5730939053 3.2118718535 -.2886928922 -.2886928922 .4004619281
-0.1058 0.96056 6 4.3810506911 4.7458755766 -.2184331797 -.2184331797 .3536221198
-3.9665 0.00348 6 3.9353773003 8.3058276622 -.0553819391 -.0553819391 .2449212927
-0.3495 0.29711 6 4.3248441418 5.1948425252 -.1978698080 -.1978698080 .3399132053
-4.6544 0.00022 6 3.8441855524 9.0342495505 -.0220191045 -.0220191045 .2226794030
-3.5466 0.00886 6 4.0146820886 7.6723564871 -.0843958860 -.0843958860 .2642639240
-2.4616 0.02113 6 4.1187367778 6.8411879334 -.1224646748 -.1224646748 .2896431165
-2.8398 0.01670 6 4.0900829493 7.0700691245 -.1119815668 -.1119815668 .2826543778
-3.9460 0.00369 6 3.9390309762 8.2766428114 -.0567186498 -.0567186498 .2458124332
0.5732 0.59262 6 4.5233688771 3.6090656763 -.2705008087 -.2705008087 .3883338724
0.1225 0.92373 6 4.3923370463 4.6557223735 -.2225623340 -.2225623340 .3563748893
0.4574 0.06223 6 4.3780226447 4.7700630210 -.2173253578 -.2173253578 .3528835718
0.6384 0.58403 6 4.5126330759 3.6948211616 -.2665730765 -.2665730765 .3857153843
-0.5468 0.12565 6 4.2945386516 5.4369168678 -.1867824335 -.1867824335 .3325216223
-0.6510 0.09666 6 4.2811001312 5.5442611471 -.1818659016 -.1818659016 .3292439344
-0.5975 0.10973 6 4.2878819543 5.4900892673 -.1843470564 -.1843470564 .3308980376
0.1118 0.93984 6 4.3872569353 4.6963013095 -.2207037568 -.2207037568 .3551358378
-3.5961 0.00821 6 4.0066239813 7.7367230757 -.0814477980 -.0814477980 .2622985320
-2.4720 0.02101 6 4.1179860224 6.8471848206 -.1221900082 -.1221900082 .2894600054
-2.4654 0.02109 6 4.1184615008 6.8433867919 -.1223639637 -.1223639637 .2895759758
-2.5270 0.02030 6 4.1140070192 6.8789683222 -.1207342753 -.1207342753 .2884895168
0.5442 0.62138 6 4.5267723013 3.5818797880 -.2717459639 -.2717459639 .3891639759
-4.1946 0.00176 6 3.9003420514 8.5856823943 -.0425641651 -.0425641651 .2363761101
-0.4965 0.40733 6 4.5472428968 3.4183646658 -.2792352061 -.2792352061 .3941568041
-1.2324 0.05110 6 4.2074009826 6.1329555653 -.1549027985 -.1549027985 .3112685323
0.7101 0.83417 6 4.4924627826 3.8559375291 -.2591937009 -.2591937009 .3807958006
-0.4193 0.19802 6 4.3127069306 5.2917922002 -.1934293648 -.1934293648 .3369529099
-4.6963 0.00016 6 3.8391054413 9.0748284865 -.0201605273 -.0201605273 .2214403515
-1.2137 0.05198 6 4.2088774681 6.1211616877 -.1554429761 -.1554429761 .3116286507
-1.0795 0.05914 6 4.2196883449 6.0348065132 -.1593981749 -.1593981749 .3142654499
0.5151 0.66249 6 4.5302007507 3.5544940035 -.2730002746 -.2730002746 .3900001831
0.4641 0.20711 6 4.5493450117 3.4015733818 -.2800042725 -.2800042725 .3946695150
-3.0685 0.01429 6 4.0704381847 7.2269876710 -.1047944578 -.1047944578 .2778629718
0.3621 0.17003 6 4.5341046784 3.5233101904 -.2744285409 -.2744285409 .3909523606
0.6842 0.96546 6 4.4684636371 4.0476380205 -.2504135257 -.2504135257 .3749423505
-1.0323 0.06208 6 4.2235922726 6.0036227001 -.1608264412 -.1608264412 .3152176274
0.2845 0.15946 6 4.3559003875 4.9467712947 -.2092318491 -.2092318491 .3474878994
-3.9252 0.00391 6 3.9428348032 8.2462585837 -.0581102938 -.0581102938 .2467401959
-0.4667 0.16290 6 4.3056498306 5.3481629385 -.1908474990 -.1908474990 .3352316660
-4.1966 0.00175 6 3.9000667744 8.5878812529 -.0424634540 -.0424634540 .2363089693
-2.0411 0.02770 6 4.1483665882 6.6045107888 -.1333048493 -.1333048493 .2968698995
-4.9830 0.00001 6 3.7964875636 9.4152517779 -.0045686208 -.0045686208 .2110457472
0.5041 0.04389 6 4.3844791405 4.7184897921 -.2196874904 -.2196874904 .3544583269
-0.7545 0.07831 6 4.2686125675 5.6440093692 -.1772972808 -.1772972808 .3261981872
-3.3369 0.01139 6 4.0428854640 7.4470734278 -.0947141941 -.0947141941 .2711427961
-0.3910 0.22857 6 4.3172615130 5.2554110845 -.1950956755 -.1950956755 .3380637836
0.7129 0.39048 6 4.5097301553 3.7180091251 -.2655110324 -.2655110324 .3850073549
-0.1793 0.87639 6 4.4053000884 4.5521761228 -.2273049104 -.2273049104 .3595366069
-2.2151 0.02467 6 4.1362293770 6.7014604638 -.1288644062 -.1288644062 .2939096041
-0.3215 0.36987 6 4.3312505874 5.1436690880 -.2002136295 -.2002136295 .3414757530
-0.4784 0.80895 6 4.5539996947 3.3643926821 -.2817072054 -.2817072054 .3958048036
-0.5845 0.11346 6 4.2895586412 5.4766962190 -.1849604785 -.1849604785 .3313069856
-2.2122 0.02472 6 4.1364295784 6.6998612938 -.1289376506 -.1289376506 .2939584337
-0.2295 0.68820 6 4.4131830194 4.4892088080 -.2301889095 -.2301889095 .3614592730
-0.3681 0.26209 6 4.3212905666 5.2232277905 -.1965697195 -.1965697195 .3390464796
-4.7672 0.00008 6 3.8301964780 9.1459915470 -.0169011505 -.0169011505 .2192674336
-3.7625 0.00594 6 3.9751423077 7.9881925418 -.0699301125 -.0699301125 .2546200750
-3.7509 0.00610 6 3.9774946744 7.9694022955 -.0707907345 -.0707907345 .2551938230
-4.1926 0.00178 6 3.9006173283 8.5834835357 -.0426648762 -.0426648762 .2364432508
0.3434 0.31682 6 4.5378084047 3.4937255473 -.2757835627 -.2757835627 .3918557084
-5.0285 0.00000 6 3.7847007049 9.5094029058 -.0002563554 -.0002563554 .2081709036
-4.9986 0.00000 6 3.7929590135 9.4434371478 -.0032776878 -.0032776878 .2101851252
-0.8247 0.06913 6 4.2605794854 5.7081760617 -.1743583483 -.1743583483 .3242388988
-3.5216 0.00918 6 4.0185109408 7.6417723631 -.0857966856 -.0857966856 .2651977904
-0.2650 0.55830 6 4.3476921292 5.0123372604 -.2062288277 -.2062288277 .3454858851
-5.0189 0.00000 6 3.7876787010 9.4856152538 -.0013458662 -.0013458662 .2088972441
0.7257 0.55829 6 4.4929632861 3.8519396043 -.2593768120 -.2593768120 .3809178746
-4.5580 0.00041 6 3.8556220587 8.9428969697 -.0262031922 -.0262031922 .2254687948
-0.5462 0.12585 6 4.2946137271 5.4363171792 -.1868099001 -.1868099001 .3325399334
0.4963 0.04685 6 4.3833780327 4.7272852264 -.2192846461 -.2192846461 .3541897640
-3.7571 0.00601 6 3.9762434155 7.9793971075 -.0703329569 -.0703329569 .2548886379
0.7138 0.82460 6 4.4794496902 3.9598835722 -.2544328134 -.2544328134 .3776218756
-0.9406 0.06863 6 4.2313250525 5.9418547630 -.1636555070 -.1636555070 .3171036713
-1.4810 0.04141 6 4.1884068727 6.2846768092 -.1479537339 -.1479537339 .3066358226
-1.4204 0.04347 6 4.1929364299 6.2484955904 -.1496108889 -.1496108889 .3077405926
0.6159 0.57052 6 4.5170375071 3.6596394243 -.2681844538 -.2681844538 .3867896359
-0.4785 0.81020 6 4.5540247199 3.3641927860 -.2817163609 -.2817163609 .3958109073
-4.3167 0.00116 6 3.8845011138 8.7122167123 -.0367687002 -.0367687002 .2325124668
-0.8054 0.07149 6 4.2627566758 5.6907850893 -.1751548814 -.1751548814 .3247699209
-3.5434 0.00889 6 4.0151825922 7.6683585623 -.0845789971 -.0845789971 .2643859981
-0.1742 0.80166 6 4.4467167576 4.2213478503 -.2424573503 -.2424573503 .3696382335
-5.0258 0.00000 6 3.7855765861 9.5024065377 -.0005767998 -.0005767998 .2083845332
-1.4924 0.04104 6 4.1875560167 6.2914732812 -.1476424451 -.1476424451 .3064282967
-4.4494 0.00069 6 3.8684099245 8.8407499928 -.0308816797 -.0308816797 .2285877864
-3.4284 0.01032 6 4.0315740836 7.5374265270 -.0905758842 -.0905758842 .2683839228
-0.6874 0.44616 6 4.4503203833 4.1925627919 -.2437757499 -.2437757499 .3705171666
-3.4322 0.01028 6 4.0310735800 7.5414244518 -.0903927732 -.0903927732 .2682618488
-3.5115 0.00930 6 4.0200124514 7.6297785887 -.0863460188 -.0863460188 .2655640125
-0.1671 0.32208 6 4.3572267219 4.9361767941 -.2097170934 -.2097170934 .3478113956
-3.8564 0.00471 6 3.9560731223 8.1405134743 -.0629535813 -.0629535813 .2499690542
-1.9831 0.02882 6 4.1524206671 6.5721275980 -.1347880489 -.1347880489 .2978586993
0.7864 0.75749 6 4.4372572404 4.2969086280 -.2389965513 -.2389965513 .3673310342
-2.1659 0.02549 6 4.1396578264 6.6740746793 -.1301187169 -.1301187169 .2947458113
-4.3128 0.00117 6 3.8849765922 8.7084186837 -.0369426557 -.0369426557 .2326284371
-0.3637 0.26858 6 4.3220162968 5.2174307995 -.1968352305 -.1968352305 .3392234870
-0.5801 0.11473 6 4.2901342203 5.4720986057 -.1851710562 -.1851710562 .3314473708
-3.8943 0.00425 6 3.9486406445 8.1998826567 -.0602343821 -.0602343821 .2481562547
-4.6415 0.00024 6 3.8457371134 9.0218559837 -.0225867488 -.0225867488 .2230578325
-0.1701 0.30874 6 4.3565760673 4.9413740960 -.2094790490 -.2094790490 .3476526993
-1.9553 0.02934 6 4.1543726309 6.5565356917 -.1355021820 -.1355021820 .2983347880
-3.4686 0.00983 6 4.0261686452 7.5806041146 -.0885982848 -.0885982848 .2670655232
-0.8008 0.07206 6 4.2632822045 5.6865872683 -.1753471480 -.1753471480 .3248980986
-0.4941 0.14777 6 4.3017459028 5.3793467517 -.1894192327 -.1894192327 .3342794885
-4.0650 0.00262 6 3.9191109347 8.4357602165 -.0494308297 -.0494308297 .2409538865
-3.8932 0.00427 6 3.9488658711 8.1980835904 -.0603167821 -.0603167821 .2482111880
0.4490 0.98584 6 4.4317517013 4.3408858003 -.2369823297 -.2369823297 .3659882198
-3.7781 0.00572 6 3.9719390850 8.0137792601 -.0687582018 -.0687582018 .2538388012
-4.9290 0.00000 6 3.8066978361 9.3336941136 -.0083040864 -.0083040864 .2135360576
-0.5360 0.12965 6 4.2959901119 5.4253228863 -.1873134555 -.1873134555 .3328756370
-0.4230 0.19457 6 4.3121313515 5.2963898135 -.1932187871 -.1932187871 .3368125247
-3.9830 0.00332 6 3.9324994048 8.3288157295 -.0543290505 -.0543290505 .2442193670
-0.7233 0.08307 6 4.2722912685 5.6146246230 -.1786431470 -.1786431470 .3270954313
-4.4604 0.00066 6 3.8671086153 8.8511445972 -.0304055909 -.0304055909 .2282703939
-2.0580 0.02739 6 4.1471904049 6.6139059116 -.1328745384 -.1328745384 .2965830256
-5.0187 0.00000 6 3.7877287514 9.4852154608 -.0013641773 -.0013641773 .2089094515
-3.2873 0.01195 6 4.0485161289 7.4020967746 -.0967741935 -.0967741935 .2725161290
-4.7114 0.00014 6 3.8372535782 9.0896208080 -.0194830164 -.0194830164 .2209886776
-4.6540 0.00022 6 3.8442356028 9.0338497575 -.0220374156 -.0220374156 .2226916104
-3.3327 0.01143 6 4.0433609424 7.4432753991 -.0948881496 -.0948881496 .2712587664
-0.1723 0.89762 6 4.4042490309 4.5605717647 -.2269203771 -.2269203771 .3592802514
-4.6027 0.00031 6 3.8503417462 8.9850750757 -.0242713705 -.0242713705 .2241809137
-0.5023 0.69554 6 4.5665623340 3.2640447709 -.2863032929 -.2863032929 .3988688619
-0.2369 0.63355 6 4.4157606127 4.4686194954 -.2311319315 -.2311319315 .3620879543
-1.9431 0.02958 6 4.1552234869 6.5497392198 -.1358134708 -.1358134708 .2985423139
-4.4100 0.00082 6 3.8731146580 8.8031695001 -.0326029236 -.0326029236 .2297352824
-0.2845 0.48954 6 4.3415609607 5.0613118383 -.2039857173 -.2039857173 .3439904782
-0.2923 0.46310 6 4.3392336191 5.0799021885 -.2031342509 -.2031342509 .3434228339
0.5377 0.03182 6 4.3892589494 4.6803096109 -.2214362010 -.2214362010 .3556241340
-0.4734 0.15889 6 4.3046738486 5.3559588920 -.1904904324 -.1904904324 .3349936216
0.7761 0.28876 6 4.5005709402 3.7911711481 -.2621601000 -.2621601000 .3827734000
-4.9912 0.00000 6 3.7946857508 9.4296443071 -.0039094210 -.0039094210 .2106062807
-0.1942 0.13900 6 4.3600045167 4.9139883115 -.2107333597 -.2107333597 .3484889065
-4.9112 0.00000 6 3.8096508072 9.3101063571 -.0093844416 -.0093844416 .2142562944
-3.7491 0.00612 6 3.9778700521 7.9664038516 -.0709280678 -.0709280678 .2552853785
-0.9772 0.06588 6 4.2282219305 5.9666418959 -.1625202185 -.1625202185 .3163468123
-0.6560 0.09562 6 4.2804745017 5.5492585535 -.1816370128 -.1816370128 .3290913418
-0.2552 0.59375 6 4.3509954526 4.9859509574 -.2074373607 -.2074373607 .3462915738
-1.1954 0.05286 6 4.2103289284 6.1095677056 -.1559739982 -.1559739982 .3119826654
-0.3096 0.40587 6 4.3343286842 5.1190818513 -.2013397625 -.2013397625 .3422265083
-4.9916 0.00000 6 3.7945856501 9.4304438918 -.0038727988 -.0038727988 .2105818659
-0.5603 0.12095 6 4.2927368388 5.4513093969 -.1861232337 -.1861232337 .3320821558
0.5668 0.59658 6 4.5239945066 3.6040682700 -.2707296975 -.2707296975 .3884864650
-0.7375 0.08085 6 4.2706145816 5.6280176707 -.1780297250 -.1780297250 .3266864833
-0.4532 0.65036 6 4.5912121341 3.0671469776 -.2953215124 -.2953215124 .4048810083
-0.7072 0.08580 6 4.2742182073 5.5992326123 -.1793481246 -.1793481246 .3275654164
-4.4988 0.00055 6 3.8625790581 8.8873258160 -.0287484359 -.0287484359 .2271656239
-0.3750 0.25094 6 4.3200142826 5.2334224987 -.1961027863 -.1961027863 .3387351908
-3.3094 0.01170 6 4.0460386364 7.4218865019 -.0958677938 -.0958677938 .2719118625
1.0361 0.57094 6 4.4787740103 3.9652807709 -.2541856135 -.2541856135 .3774570757
-0.5507 0.12427 6 4.2940131229 5.4411146887 -.1865901669 -.1865901669 .3323934446
-0.5662 0.11905 6 4.2919610583 5.4575061803 -.1858394115 -.1858394115 .3318929410
-5.0118 0.00000 6 3.7896556901 9.4698234507 -.0020691549 -.0020691549 .2093794366
-3.7849 0.00563 6 3.9705627002 8.0247735530 -.0682546464 -.0682546464 .2535030976
-1.6977 0.03515 6 4.1725909603 6.4110112311 -.1421674245 -.1421674245 .3027782830
-4.3381 0.00107 6 3.8818484450 8.7334057134 -.0357982116 -.0357982116 .2318654744
-0.8800 0.06324 6 4.2544733420 5.7569507435 -.1721243934 -.1721243934 .3227495956
-0.4905 0.14960 6 4.3022464064 5.3753488269 -.1896023438 -.1896023438 .3344015625
-0.5117 0.54296 6 4.5973683278 3.0179725035 -.2975737784 -.2975737784 .4063825189
-0.4514 0.21707 6 4.5723431501 3.2178687400 -.2884182256 -.2884182256 .4002788171
-0.2330 0.99238 6 4.5700408337 3.2362591940 -.2875759147 -.2875759147 .3997172765
0.5732 0.59262 6 4.5233688771 3.6090656763 -.2705008087 -.2705008087 .3883338724
-3.4040 0.01061 6 4.0347272560 7.5122396011 -.0917294839 -.0917294839 .2691529892
-4.1452 0.00206 6 3.9071989501 8.5309108253 -.0450727866 -.0450727866 .2380485244
-0.2370 0.56049 6 4.4207906735 4.4284403518 -.2329721976 -.2329721976 .3633147984
-4.0089 0.00309 6 3.9281199987 8.3637975712 -.0527268288 -.0527268288 .2431512192
0.6700 0.81463 6 4.4929382610 3.8521395005 -.2593676564 -.2593676564 .3809117709
-3.7861 0.00562 6 3.9703124484 8.0267725154 -.0681630909 -.0681630909 .2534420606
-0.5341 0.05615 6 4.5731439557 3.2114720605 -.2887112033 -.2887112033 .4004741355
-0.2202 0.72522 6 4.3637332682 4.8842037723 -.2120975371 -.2120975371 .3493983581
-2.1219 0.02624 6 4.1427359233 6.6494874419 -.1312448499 -.1312448499 .2954965666
-1.6183 0.03728 6 4.1783217261 6.3652349927 -.1442640461 -.1442640461 .3041760307
-0.2528 0.60407 6 4.3519213842 4.9785547963 -.2077761162 -.2077761162 .3465174108
-0.4002 0.21756 6 4.3157349772 5.2676047551 -.1945371867 -.1945371867 .3376914578
-4.8845 0.00000 6 3.8138550370 9.2765237893 -.0109225745 -.0109225745 .2152817163
0.6756 0.69551 6 4.4968421887 3.8209556873 -.2607959227 -.2607959227 .3818639484
-2.0114 0.02826 6 4.1504436780 6.5879194010 -.1340647602 -.1340647602 .2973765068
-4.4152 0.00080 6 3.8724890285 8.8081669058 -.0323740348 -.0323740348 .2295826899
0.6930 0.83030 6 4.4561262245 4.1461868649 -.2458998382 -.2458998382 .3719332255
-2.7792 0.01735 6 4.0949378337 7.0312892547 -.1137577440 -.1137577440 .2838384960
-0.4076 0.93005 6 4.4295244605 4.3586765651 -.2361674855 -.2361674855 .3654449903
-0.8438 0.06699 6 4.2584523453 5.7251672418 -.1735801263 -.1735801263 .3237200842
-0.4920 0.74615 6 4.5620578020 3.3000260935 -.2846552934 -.2846552934 .3977701956
-3.5828 0.00839 6 4.0088512222 7.7189323103 -.0822626422 -.0822626422 .2628417615
-4.1767 0.00187 6 3.9027945188 8.5660925632 -.0434614093 -.0434614093 .2369742728
-4.8310 0.00003 6 3.8216378673 9.2143560598 -.0137699514 -.0137699514 .2171799676
0.6979 0.65663 6 4.4837540207 3.9255014196 -.2560075685 -.2560075685 .3786717123
-0.1562 0.94893 6 4.4015212866 4.5823604544 -.2259224219 -.2259224219 .3586149479
-4.8784 0.00001 6 3.8147809686 9.2691276288 -.0112613299 -.0112613299 .2155075533
-0.2247 0.51828 6 4.4266966154 4.3812648401 -.2351329080 -.2351329080 .3647552720
-3.2049 0.01285 6 4.0572499160 7.3323329880 -.0999694814 -.0999694814 .2746463209
-0.1160 0.72508 6 4.3726422314 4.8130407124 -.2153569139 -.2153569139 .3515712759
-4.0757 0.00254 6 3.9174592730 8.4489533680 -.0488265633 -.0488265633 .2405510422
-4.6523 0.00023 6 3.8444358042 9.0322505881 -.0221106600 -.0221106600 .2227404400
-0.4625 0.16550 6 4.3062504348 5.3433654290 -.1910672322 -.1910672322 .3353781548
-0.5225 0.66768 6 4.6033493453 2.9701973026 -.2997619556 -.2997619556 .4078413037
-2.0175 0.02814 6 4.1500182499 6.5913176373 -.1339091158 -.1339091158 .2972727439
-4.1792 0.00185 6 3.9024441663 8.5688911103 -.0433332315 -.0433332315 .2368888210
0.4201 0.69344 6 4.4311761222 4.3454834136 -.2367717520 -.2367717520 .3658478347
-2.6487 0.01881 6 4.1050229803 6.9507310713 -.1174474318 -.1174474318 .2862982879
-4.7283 0.00012 6 3.8351514633 9.1064120919 -.0187139499 -.0187139499 .2204759666
-3.2674 0.01217 6 4.0506933194 7.3847058022 -.0975707266 -.0975707266 .2730471510
-4.8485 0.00002 6 3.8191603747 9.2341457871 -.0128635517 -.0128635517 .2165757011
-3.3189 0.01159 6 4.0449625537 7.4304820400 -.0954741050 -.0954741050 .2716494033
-4.8301 0.00003 6 3.8217629931 9.2133565790 -.0138157292 -.0138157292 .2172104861
-2.7377 0.01781 6 4.0981911068 7.0053027441 -.1149479659 -.1149479659 .2846319772
0.7539 0.58816 6 4.4907860957 3.8693305767 -.2585802789 -.2585802789 .3803868526
-5.0182 0.00000 6 3.7878789024 9.4840160838 -.0014191106 -.0014191106 .2089460737
-2.9627 0.01540 6 4.0798226264 7.1520265818 -.1082277901 -.1082277901 .2801518601
-3.5362 0.00899 6 4.0162837000 7.6595631280 -.0849818414 -.0849818414 .2646545609
-3.9778 0.00337 6 3.9334003112 8.3216194652 -.0546586504 -.0546586504 .2444391003
-0.1208 0.65886 6 4.3703899654 4.8310313733 -.2145329142 -.2145329142 .3510219428
-1.9795 0.02886 6 4.1526709189 6.5701286356 -.1348796044 -.1348796044 .2979197363
-0.6572 0.09536 6 4.2803243506 5.5504579305 -.1815820795 -.1815820795 .3290547196
-1.2210 0.05163 6 4.2083018890 6.1257593010 -.1552323984 -.1552323984 .3114882656
-3.5472 0.00885 6 4.0145819879 7.6731560718 -.0843592638 -.0843592638 .2642395092
-4.3800 0.00092 6 3.8767182836 8.7743844418 -.0339213232 -.0339213232 .2306142155
-1.7763 0.03322 6 4.1669853205 6.4557879881 -.1401165807 -.1401165807 .3014110538
0.6435 0.62847 6 4.4355805535 4.3103016757 -.2383831293 -.2383831293 .3669220862
-3.0132 0.01487 6 4.0754181950 7.1872083197 -.1066164128 -.1066164128 .2790776085
-0.8116 0.07073 6 4.2620559709 5.6963821835 -.1748985259 -.1748985259 .3245990173
0.6368 0.58230 6 4.5130585039 3.6914229260 -.2667287209 -.2667287209 .3858191473
-0.6748 0.87466 6 4.4530231024 4.1709739985 -.2447645496 -.2447645496 .3711763664
-4.1488 0.00204 6 3.9066984465 8.5349087501 -.0448896755 -.0448896755 .2379264503
-0.1760 0.90428 6 4.3823520004 4.7354809722 -.2189092684 -.2189092684 .3539395123
-4.7235 0.00012 6 3.8357520675 9.1016145824 -.0189336832 -.0189336832 .2206224555
0.7443 0.33891 6 4.5054758750 3.7519914860 -.2639545884 -.2639545884 .3839697256
-4.1576 0.00198 6 3.9054471876 8.5449035621 -.0444318979 -.0444318979 .2376212652
0.4684 0.05767 6 4.3795241554 4.7580692465 -.2178746910 -.2178746910 .3532497940
-1.7936 0.03281 6 4.1657590868 6.4655829039 -.1396679586 -.1396679586 .3011119724
-0.7663 0.07660 6 4.2672361826 5.6550036628 -.1767937253 -.1767937253 .3258624835
-3.7441 0.00619 6 3.9788710592 7.9584080026 -.0712942899 -.0712942899 .2555295266
0.8440 0.04210 6 4.4735937986 4.0066592915 -.2522904141 -.2522904141 .3761936094
-2.4324 0.02152 6 4.1208388927 6.8243966494 -.1232337412 -.1232337412 .2901558275
-1.8626 0.03127 6 4.1608791772 6.5045626699 -.1378826258 -.1378826258 .2999217505
-3.1335 0.01360 6 4.0643320413 7.2757623527 -.1025605029 -.1025605029 .2763736686
-4.7146 0.00013 6 3.8368531754 9.0928191474 -.0193365276 -.0193365276 .2208910184
-4.9882 0.00000 6 3.7953614307 9.4242471084 -.0041566209 -.0041566209 .2107710806
-4.7616 0.00008 6 3.8309222082 9.1401945560 -.0171666615 -.0171666615 .2194444410
0.5466 0.02874 6 4.3905602587 4.6699150065 -.2219122897 -.2219122897 .3559415265
-0.3471 0.30253 6 4.3253446454 5.1908446004 -.1980529190 -.1980529190 .3400352793
-0.2395 0.59139 6 4.4181630298 4.4494294567 -.2320108645 -.2320108645 .3626739097
0.6551 0.68935 6 4.5072526626 3.7377988530 -.2646046326 -.2646046326 .3844030884
-0.5343 0.13029 6 4.2962153385 5.4235238201 -.1873958555 -.1873958555 .3329305703
-0.1350 0.51649 6 4.3654099550 4.8708107246 -.2127109591 -.2127109591 .3498073061
-2.7947 0.01719 6 4.0937116000 7.0410841706 -.1133091219 -.1133091219 .2835394146
-4.9319 0.00000 6 3.8061973326 9.3376920378 -.0081209753 -.0081209753 .2134139835
-0.1220 0.64395 6 4.3699895625 4.8342297135 -.2143864253 -.2143864253 .3509242835
-2.5183 0.02041 6 4.1146326486 6.8739709165 -.1209631641 -.1209631641 .2886421094
-0.1470 0.42911 6 4.3620065309 4.8979966129 -.2114658039 -.2114658039 .3489772026
-0.6684 0.09306 6 4.2789479659 5.5614522234 -.1810785241 -.1810785241 .3287190160
-0.2799 0.23379 6 4.4260709860 4.3862622458 -.2349040192 -.2349040192 .3646026795
-4.3476 0.00103 6 3.8806722617 8.7428008363 -.0353679006 -.0353679006 .2315786004
-0.2204 0.72506 6 4.3637082430 4.8844036684 -.2120883816 -.2120883816 .3493922544
-0.2032 0.79305 6 4.3706151920 4.8292323071 -.2146153141 -.2146153141 .3510768761
-0.4482 0.21167 6 4.5768476821 3.1818874174 -.2900662251 -.2900662251 .4013774834
-0.7076 0.09267 6 4.2519958494 5.7767404707 -.1712179937 -.1712179937 .3221453291
-1.0011 0.06417 6 4.2261948911 5.9828334913 -.1617786187 -.1617786187 .3158524124
-2.9365 0.01568 6 4.0820748923 7.1340359208 -.1090517898 -.1090517898 .2807011932
0.5018 0.19685 6 4.5429635913 3.4525469228 -.2776696065 -.2776696065 .3931130710
-4.0593 0.00267 6 3.9199868159 8.4287638484 -.0497512741 -.0497512741 .2411675160
-0.7702 0.08481 6 4.2462901089 5.8223168130 -.1691305276 -.1691305276 .3207536851
-0.6198 0.10392 6 4.2850290841 5.5128774378 -.1833033234 -.1833033234 .3302022156
-3.3662 0.01105 6 4.0394069643 7.4748590046 -.0934415723 -.0934415723 .2702943815
-2.1882 0.02511 6 4.1381062653 6.6864682461 -.1295510727 -.1295510727 .2943673818
-0.4975 0.57176 6 4.5960169682 3.0287669002 -.2970793786 -.2970793786 .4060529190
-3.6254 0.00782 6 4.0015438702 7.7773020117 -.0795892208 -.0795892208 .2610594805
-0.1473 0.97352 6 4.4000197759 4.5943542288 -.2253730887 -.2253730887 .3582487258
-3.4447 0.01013 6 4.0294219183 7.5546176033 -.0897885067 -.0897885067 .2678590044
-4.8252 0.00003 6 3.8224386730 9.2079593803 -.0140629291 -.0140629291 .2173752861
-4.8095 0.00004 6 3.8245908382 9.1907683040 -.0148503066 -.0148503066 .2179002044
0.5462 0.31774 6 4.4484685201 4.2073551135 -.2430982390 -.2430982390 .3700654927
-1.7432 0.03402 6 4.1693376872 6.4369977418 -.1409772026 -.1409772026 .3019848017
-2.2190 0.02461 6 4.1359541001 6.7036593224 -.1287636951 -.1287636951 .2938424634
-3.9343 0.00381 6 3.9411581163 8.2596516313 -.0574968718 -.0574968718 .2463312479
-0.2584 0.58298 6 4.3499443951 4.9943465994 -.2070528275 -.2070528275 .3460352183
-2.6195 0.01916 6 4.1072001708 6.9333400989 -.1182439649 -.1182439649 .2868293099
0.4533 0.06391 6 4.3774720908 4.7744607381 -.2171239356 -.2171239356 .3527492904
-2.9508 0.01553 6 4.0808486587 7.1438308360 -.1086031678 -.1086031678 .2804021118
-1.4861 0.04125 6 4.1880314950 6.2876752532 -.1478164006 -.1478164006 .3065442670
-0.2266 0.70174 6 4.4125824152 4.4940063175 -.2299691763 -.2299691763 .3613127842
0.6262 0.57124 6 4.5152106692 3.6742318497 -.2675160984 -.2675160984 .3863440656
-0.7456 0.07963 6 4.2696636249 5.6356137273 -.1776818140 -.1776818140 .3264545426
-1.2289 0.05126 6 4.2076762596 6.1307567067 -.1550035096 -.1550035096 .3113356730
-3.1881 0.01303 6 4.0589516281 7.3187400435 -.1005920590 -.1005920590 .2750613727
-4.9775 0.00001 6 3.7976387218 9.4060565513 -.0049897762 -.0049897762 .2113265175
-3.6466 0.00753 6 3.9977400433 7.8076862395 -.0781975768 -.0781975768 .2601317178
-2.4265 0.02160 6 4.1212643208 6.8209984131 -.1233893856 -.1233893856 .2902595904
0.4625 0.06014 6 4.3787233496 4.7644659268 -.2175817132 -.2175817132 .3530544755
-2.0577 0.02739 6 4.1472154301 6.6137060155 -.1328836939 -.1328836939 .2965891293
-1.9735 0.02899 6 4.1530963468 6.5667303999 -.1350352488 -.1350352488 .2980234992
