-0.003174219974469248,0.02300266977579569,-0.05772909961218047,-0.03595879598549573,0.005254692564976668,-0.0193075954377236,0.01728660043061874,0.008317182541529524
-0.05248897430432329,0.1036569042951221,-0.0162299222943583,0.003275168656996131,0.0246657435761114,0.04267426797314344,0.001238405427124448,0.004650111036395801
-0.006387355086244182,0.0372524099086116,-0.06953348581711265,-0.02937800882583241,-0.00186823658932004,0.005510658751630592,0.004834697085431149,-0.02241842958371501
-0.06110818583313835,0.1060307585462851,-0.006363705545190779,0.002175612519345246,0.006473799927792794,0.04550197331211541,-0.01036744706152623,-0.01992370967814636
-0.1953122810687405,-0.03599193368880403,0.007859470971101538,-0.02513427340305967,-0.0342029388627144,0.007213432150479402,0.01286397293907903,-0.009116356420193606
-0.0155414657089919,0.06401519995309027,-0.06981253243512668,0.007946656381832532,-0.01548712724765468,-0.003854507872593865,-0.02004719038534803,0.02192175478350828
-0.2002978687896803,-0.1003378359488032,-0.05297326710412471,0.03702102105839711,0.02451391969404891,0.00272558457001476,-0.01601344657603293,-0.004466555517148179
-0.09899558014876413,0.100521934981726,0.02392587342927595,0.02748839421074388,-0.03858960747928364,-0.01159833016584571,-0.00429867169978584,0.0147125203901257
-0.006186788819305329,0.03667131561658198,-0.06942079142937077,-0.03009979737182076,-0.001203681927357135,0.005070427707548474,0.005860159761099288,-0.02225096390320895
-0.01962946423609189,0.0720111014386912,-0.06432391149742606,0.01617243989227054,-0.001801654949988319,-0.01147934130056373,-0.00373752679578138,0.006148243021522064
-0.09391582190449003,0.1026665467449168,0.02102622230878719,0.02374213703897438,-0.03906326575237456,-0.0006752195141550271,-0.005471278383948341,0.00464322097129829
-0.03925111513700401,0.09633518636188478,-0.03448617955662434,0.01169730979402753,0.03787302421907177,0.02280317237734861,0.02921280755730562,0.01881763573520884
-0.1629742940170839,0.03272039879889512,0.04301972401106582,-0.04118387957925897,0.03606949102541345,0.001770649110725294,-0.009144589790652399,0.01577063397589524
-0.1408653323695793,0.06206179199915143,0.04126795681903864,0.001645907322394411,0.04093129415002384,-0.03679379939888731,0.00287248651968612,-0.02444905149971902
-0.1464907010916394,0.05510046333759142,0.04270215224172644,-0.009336198872660521,0.0439773364358871,-0.02854305623672519,0.001452039752861724,-0.01726882488837563
-0.162827520515316,0.03293651125983656,0.04297675204531643,-0.04049150044309401,0.03582681372349717,0.001229242498479257,-0.008758647259612645,0.01497326957100378
-0.1984307151082561,-0.04550498952408739,-3.393552558051308e-05,-0.01683890297256816,-0.04343248183372345,0.005803691209286195,0.0266978980198059,-0.009835564579977488
-0.001897176618118097,0.01581070729348205,-0.04841412032828044,-0.03656467806584024,-0.0005254224840210053,-0.03319660080789445,0.001199469824082518,-0.002422909822450734
-0.05262745906821641,0.1037455276344451,-0.01596295140555157,0.003047485178127558,0.02457082387847271,0.04297362091751618,0.0004793838884891859,0.00441215345706998
-0.0441441004010579,0.09993548881118075,-0.02756362808413925,0.007482553213689011,0.03716676069204457,0.03371602770446672,0.02075496011433694,0.02200300958104066
-0.03566485548340406,0.09308386897844073,-0.03955848229618794,0.01521786154555321,0.03500126108352748,0.01341997730781886,0.03155992525411774,0.01096865424156306
-0.01696597452798042,0.06692333136085414,-0.06794465740875226,0.01127091751598369,-0.01101562812811736,-0.007018316398232765,-0.01488555472435609,0.0171808170515298
-0.001495220980407786,0.01317067767088921,-0.04380973676837459,-0.03568533238624575,-0.003578227666491454,-0.03570165019929187,-0.009729203753844886,-0.006282679526677283
-0.0051528248334022,0.03228917700572887,-0.06686722348838743,-0.03361341624749012,0.002667109003508519,-0.001702242773496534,0.01238557442693764,-0.01254409042783565
-0.1528642484737723,0.046836710729788,0.04351862093704038,-0.02158384105529342,0.04121088100426276,-0.01693317400621712,-0.001402894597596004,-0.004140937984320208
-0.01531606739944488,0.06345795724351901,-0.0699621024937868,0.007160363908440638,-0.01581687979396539,-0.003378457233166218,-0.020276224694043,0.02142857968379498
-0.137247435020774,0.06628102460445441,0.04011110783712463,0.008074156146605914,0.03688593306845634,-0.04058668326339748,0.002854568973688807,-0.02572273917119374
-0.001130442721004745,0.01056591779481075,-0.03788276075552785,-0.03293619823468839,-0.005421317506771472,-0.03407426760156139,-0.01735735926411194,-0.005475239753479287
-0.0010744625373452,0.01013642370067213,-0.03680417172244543,-0.03242565214276918,-0.005655419847533656,-0.03346598576292448,-0.01822681534673781,-0.00513607008962313
-0.007219836555240941,0.04021069805349233,-0.07022287964932479,-0.02548900993628645,-0.005266943854367925,0.007864671966597301,-0.0002899707980020245,-0.02160477823658853
-0.006722955350827299,0.03843773760341442,-0.06983571070499967,-0.02786219847386212,-0.003219522157179884,0.006488156824076801,0.002788882009904355,-0.0223096443032481
-0.193709663281399,-0.03068226814915949,0.01189806801426253,-0.03242341709308806,-0.0375572899921705,0.01328112424737101,0.01435706386343629,-0.01386443464130204
-0.1432026244416462,0.05921776671300898,0.04190856683706888,-0.002786517544317922,0.04282023288146357,-0.03374775576392541,0.002478723034172348,-0.02228331220563676
-0.01765021995769409,0.06827095450640781,-0.06701095002618104,0.01269455988983318,-0.008705444918502845,-0.008472050773481024,-0.01216692669190933,0.01435064931866959
-0.04581757669602621,0.1009021221071048,-0.02524551134253469,0.006310214918077147,0.03556785783493501,0.03634338428158848,0.01695233435546156,0.02031590278895997
-0.006612914261587932,0.03805672980175334,-0.06976945939130291,-0.02840100358718462,-0.002760497455034781,0.006283365353500598,0.003446123159873913,-0.02270502733291054
-0.1172592010163369,0.08637326955551665,0.03133868991427316,0.0294510357693163,-0.005189248479784939,-0.03858655292071148,-0.00426668916790257,0.007542435873669383
-0.07281642088141213,0.1071783684810435,0.004913595994188626,0.006251517706078077,-0.01906580792857394,0.03859838537548035,-0.01063960258572942,-0.03551008879523213
-0.1976745748570034,-0.04288197561072452,0.002180253456330418,-0.01973801763691144,-0.04286946513707692,0.007124963590953004,0.0247323465860286,-0.01107856618600791
-0.07490061255989573,0.1068283829884986,0.006456415436134118,0.008791248493892656,-0.02092143478253294,0.03444820705686152,-0.01049312498187158,-0.03054391915747205
-0.0251672663962621,0.08097684521797949,-0.05600272551644689,0.02071117655654332,0.0157820656215203,-0.01070254729533104,0.01790113865865253,-0.007176286821359589
-0.2026111304124882,-0.09150205801194139,-0.04361128444684033,0.03222744056359027,0.007373928410269843,-0.005046152059649659,-0.00260764811871351,0.005061146538291591
-0.08479650063819388,0.1055760662636558,0.01519751978019753,0.01584461959798425,-0.0364435348964658,0.01837541607577069,-0.006211263771870511,-0.01646120548200209
-0.1007334398108888,0.09946693236910023,0.02474371952264454,0.02841062781775637,-0.03660242338119328,-0.0149374126157247,-0.00452030953955812,0.01651885296485198
-0.2033303217064143,-0.08276049878479458,-0.03452447179173119,0.02434858388071955,-0.00788336460928995,-0.007799928907666762,0.008954437469963487,0.01001818459539967
-0.1869303720343057,-0.01297096161968931,0.02432409552144882,-0.04664095152862079,-0.0197320019769163,0.01900475318731237,-0.003022714402337786,-0.004471088556071896
-0.1867014505621863,-0.01241045278883334,0.02465842092687831,-0.04681143623780978,-0.0189185510310204,0.01894773109787933,-0.003527028904967449,-0.004004693954445338
-0.1954798693177781,-0.1086425381102636,-0.06228683723812105,0.03824368171273721,0.03809466450216245,0.01623841064065865,-0.02649373587597432,-0.01185470661779819
-0.1121464508517112,0.09095852788712824,0.02948096001335318,0.03035391791633513,-0.0166613827680409,-0.03283768598028541,-0.005013525991795311,0.01473849999094078
-0.06370020731581531,0.10641449104576,-0.003835599010524952,0.002797707258165527,0.0006470921505359025,0.04467504488803616,-0.01092933439509405,-0.0251379659014317
-0.003945455227440157,0.02681658320818654,-0.06191102433453703,-0.03523225710191986,0.00523359554968902,-0.01177850715586418,0.01678601348787992,0.003203148864150706
-0.02491446584518832,0.08058975120985988,-0.05642834008796856,0.02055718970671273,0.01500360710096608,-0.01084638762692735,0.01696888137703129,-0.006660093941946695
-0.1032139419673959,0.09790946785803262,0.0258881846400632,0.02965840789464799,-0.03388692925923577,-0.01980725054423145,-0.004420451220752385,0.01896328699224581
-0.07304407211601031,0.1071742460904637,0.005123726323322557,0.006403472254460862,-0.01950323585398497,0.03832831510889118,-0.01057834323238249,-0.03545470535559628
-0.202634318599063,-0.06729020720094922,-0.01940639261604551,0.00814951037957134,-0.02918590040703533,-0.005758533528993805,0.02325878600894207,0.007558690215658195
-0.01227073476098532,0.05599166601741162,-0.07168580268723615,-0.002785373415350766,-0.02003681845431081,0.003201686300512496,-0.0221981914055559,0.01480993623690969
-0.1713585551717058,0.01984985510766056,0.04023219626962422,-0.05240971697838603,0.02352528483530003,0.0146854667376492,-0.01375785983781734,0.02322312748692537
-0.01598458959982724,0.06495392009779363,-0.06930002877654186,0.009064596645716896,-0.01420854341878559,-0.004854483215963275,-0.01866539851440108,0.02084755811888493
-0.1720162071779354,0.01868340944906269,0.03979256491397343,-0.05254292867743818,0.02195937999792342,0.01517249402674922,-0.01370355477759819,0.02251882570562106
-0.001041525849826618,0.009871063187420107,-0.03612114545580934,-0.03209847406167156,-0.005796595537041572,-0.03295738897850917,-0.01862647199499676,-0.004871747748920466
-0.2006759698810922,-0.05454952685343284,-0.007873357346701051,-0.006299581898783564,-0.04140679894620422,0.0005845067094870262,0.02947984398398797,-0.002962973752860038
-0.1126158214215683,0.09059682078616021,0.02951774511016187,0.03096856414470939,-0.01625913279725808,-0.0341165609841139,-0.004978003143707103,0.01538627738216249
-0.1952614533407964,-0.03522051265853609,0.008375048315360773,-0.02783947541480988,-0.04009494489152882,0.01105986310369739,0.01845345042006791,-0.01356262711147147
-0.1532472680051217,0.04645424664244394,0.04344460745018423,-0.02154927099873591,0.03852588979413878,-0.01606856375923263,-0.0007170409024442748,-0.002903219709169166
-0.1739525909641862,0.01531343846440467,0.03872788840376356,-0.05428621382528476,0.01795860321499862,0.01754100463349535,-0.01432358174296347,0.02216585861246217
-0.1773339369141621,0.008863295081207373,0.03619397363821239,-0.05542943376318911,0.009456887915081265,0.02029555484225023,-0.01410279201293587,0.01831099404135055
-0.1964696408439859,-0.03891714921365994,0.005414821574991441,-0.02406593364489702,-0.04200239826271352,0.009334806926558956,0.02200665705785001,-0.01287224396980913
-0.004398209210837333,0.02893526336250986,-0.06396734136737126,-0.03465669834547571,0.004577926044045492,-0.007671999697944244,0.01533675426124372,-0.002176472515451193
-0.01609306692992405,0.06518429417853952,-0.06916439866068835,0.009351058344880469,-0.0139093978119521,-0.005101276238452517,-0.01833238620804286,0.0205997968400226
-0.1619768660850276,0.03414957220140037,0.04320366406981214,-0.03948408837844136,0.0371088979623045,-2.357454009103741e-05,-0.008473600068327553,0.01408556013030238
-0.001736142364042275,0.01477218652605232,-0.04670752379651526,-0.03630364646026917,-0.00180240058715901,-0.03443038167796394,-0.00306762552866194,-0.00437446626772707
-0.203475727107098,-0.08351495332198025,-0.03549763788657355,0.02606152668987805,-0.007533139244372283,-0.008103342272001808,0.008890307984190181,0.01037669656933018
-0.02249622131653699,0.07696424309806522,-0.06022568435955327,0.01960982899677443,0.008030232569440505,-0.01256856228741089,0.008873703502651624,-0.003037253997774477
-0.01026327635808425,0.05014823175120307,-0.07148772500075878,-0.01138606983639775,-0.01693963433073548,0.007318188797097685,-0.01544569797502684,-0.001009184539800945
-0.1156890838511025,0.08774849478881465,0.03153974440271289,0.0268512083282951,-0.007335779036675379,-0.03409444584517497,-0.003741711520671626,0.00661664874460762
-0.06800777311904935,0.1069803652037009,0.0004228817200568916,0.003819338702366836,-0.009077626939880812,0.04293468532542422,-0.01164931205218489,-0.03289395605214374
-0.004002725060183836,0.02709178748328687,-0.06219288511404347,-0.03516598033457288,0.005194505686574248,-0.01122839654304746,0.0166601526377073,0.002653964412940465
-0.1490175064157475,0.05184781010778955,0.04314942199862317,-0.01439936084333811,0.04352156404291637,-0.0239705527204336,0.0003816860257378926,-0.01217558664017449
-0.02299537218737568,0.07776426801549068,-0.05946384616155193,0.01995817162551793,0.009629715588728039,-0.01252223794471621,0.01075903186263421,-0.004266146617075139
-0.09691006204399279,0.1013740025774762,0.02269129683215785,0.02589066473261971,-0.03823208167421917,-0.006853452837218924,-0.005319413824582515,0.01010232341593308
-0.0086028407301339,0.04492985798179732,-0.07118752514776595,-0.01917033518839901,-0.01131731592348234,0.009018388341727244,-0.007994344166658019,-0.01463443116529949
-0.2015246899432335,-0.05886222526563724,-0.01176647113370826,-0.001148403325326256,-0.03874491921687342,-0.001783551417093352,0.02906039167228369,0.000782600653195268
-0.109032697982148,0.09360438651131596,0.02820792727029234,0.03106007696236185,-0.0238890053824713,-0.02941932799707744,-0.004876437992081973,0.01881107948680803
-0.003076551168204433,0.02250039483520231,-0.05715174133904229,-0.0360937559667059,0.00515015204380039,-0.0203121411313961,0.01707819757562723,0.008406909632058335
-0.01238553354055222,0.05630006799537305,-0.07167343109755277,-0.002364312275101138,-0.02000832709869331,0.002952687040213612,-0.02236520260361047,0.01541557558843162
-0.202663402801854,-0.0874847678213051,-0.03877028092936854,0.02576250101973915,0.001787345779681205,-0.005414370598886997,0.001809242629323068,0.006435798011884039
-0.0008277796480610273,0.008093025214246695,-0.03145155301782435,-0.03016749068113276,-0.006564775850818158,-0.02928354517529969,-0.02052686296378982,-0.003630052552878489
-0.1112267495434694,0.09179351059977073,0.02902749814457704,0.0310403573332611,-0.01928303922335908,-0.03235790834565222,-0.004975085203170102,0.01689676726991099
-0.03783708436103687,0.09511515803512031,-0.03650795714423087,0.01308720030038236,0.03702734271314621,0.01918360709452538,0.03060020655440716,0.01610106878399873
-0.1598953891602584,0.03746597099354555,0.04249888412067034,-0.02907057236944733,0.02858685340340281,-0.006391612127195883,-0.002041640814778796,0.005755843947964591
-0.1507426878918105,0.04993137277180532,0.04332087704750396,-0.01672251247426665,0.03438434920794474,-0.01890194625245751,0.002182941666982603,-0.004715742786661938
-0.2026683800494721,-0.075861630052836,-0.0267107119206695,0.01343538189629427,-0.01259950615181744,-0.006713169466483992,0.01042679144911359,0.009256809784206933
-0.1968342815701627,-0.04078780387553305,0.004059610501335991,-0.02094808504695525,-0.03683894347171529,0.00575255704990234,0.01719760381898253,-0.008134226034585178
-0.08313080839478285,0.1059471604831008,0.01389963918753124,0.01436638496816332,-0.03479732018980404,0.02173162513452416,-0.006804861833895353,-0.02048445584907524
-0.004890695200070991,0.0311535058900773,-0.06599771524894675,-0.0341154972700919,0.003443707104907996,-0.003686152776049936,0.01362383845643804,-0.009038899583736345
-0.1020947034568492,0.09856607848535547,0.02535330565411793,0.02895492105071388,-0.03458971304024742,-0.01736534299976012,-0.004804172743670286,0.01730391693918397
-0.2034845579795395,-0.07692955457175893,-0.02892079485067712,0.01951911074739731,-0.01813977464560143,-0.008216585581360375,0.01670962883538817,0.01112965377369386
-0.1155921402777656,0.08792005995633613,0.03064342946716539,0.03022072371690519,-0.0092972947482236,-0.03721698309762837,-0.004668130630600606,0.01079340658423004
-0.1797719535572173,0.003794049797301757,0.03387698230735856,-0.05496864301558135,0.00241342785104893,0.02130175798947859,-0.0129283019831114,0.0135812553455996
-0.0585099945368792,0.1054580973907053,-0.009108830516859777,0.002143636073670494,0.0122493437770538,0.04532518127416153,-0.00834001148828368,-0.01303274897157165
-0.001078416435163483,0.0101681677703288,-0.03688353248809624,-0.0324623700676755,-0.005638585613276076,-0.03351590061948048,-0.01816981438298428,-0.005162631658481779
-0.01605117698142746,0.06508871918106413,-0.06921019038534439,0.009213695492937015,-0.01398943191125424,-0.005003290007346269,-0.01840778179072769,0.02059790925979886
-0.2027674638631634,-0.09070531780660118,-0.04282146209644624,0.03184988310430913,0.005767201103789502,-0.005584004438763881,-0.001377264853379262,0.005856112868920919
-0.07504965408951444,0.1069721588116163,0.006811937201791714,0.008299880210155776,-0.02228531769938195,0.03504594981692529,-0.01022014753232105,-0.03252765073097438
-0.2009546842640275,-0.05637629826475705,-0.009442129972012278,-0.004217884744286247,-0.03897202460975505,-0.0006933900539130265,0.02768638029442023,-0.0006898373838682872
-0.1746065272084853,0.01413405376191058,0.03832477791908003,-0.05479191221401299,0.01649088853336922,0.01828738474904381,-0.01446253223069993,0.02186467051665625
-0.01371526358515433,0.05977268918950373,-0.07125979799187566,0.00247039119520822,-0.01931193683420384,9.60861413967618e-05,-0.02328107415455554,0.02138563577504631
-0.04574196375970367,0.1008624860350346,-0.02534869910635311,0.006356121687373649,0.03566102320796414,0.03624052651613243,0.01713147311409443,0.020432659595361
-0.1404715207561038,0.06253362228388255,0.04115613398873716,0.002346537771662442,0.04045753942052623,-0.03720663752048566,0.002924358903717917,-0.02460067846529889
-0.2023283276881899,-0.09308489596075366,-0.04526147533103107,0.0332993746707579,0.01044810069832521,-0.004059365575425913,-0.005000020852752639,0.003577421048509027
-0.1451070941043986,0.05686871297786442,0.04241157187725537,-0.006604361095046044,0.04329666114077885,-0.03065375279881595,0.002014356452985906,-0.01923778784193557
-0.006345484813881,0.03712295938207778,-0.06950647753236604,-0.02954521828352916,-0.00171818267907302,0.005419604188707598,0.005065325879929774,-0.0224283332447148
-0.03004389001176443,0.08704383821072607,-0.04785930274467854,0.01950490968814592,0.02632424288001351,-0.00102740457432358,0.02784821835284717,-0.002729512258606874
-0.09752535949616267,0.1012387492534684,0.02313721254443255,0.02646729346022011,-0.03922891366902116,-0.00847031048857746,-0.004515331695442259,0.01213033506442972
-0.2027858828898738,-0.09006649298792962,-0.04207153648427998,0.03092783264441676,0.004749368088510772,-0.005696044700582449,-0.0005512146429194923,0.006152085259844593
-0.001924376594261229,0.01597570346882235,-0.04866218034442477,-0.0365784923505505,-0.000327967809815824,-0.03293511302712074,0.001835223739323552,-0.002075316296773258
-0.02149485409098719,0.07531700735827535,-0.06169958544477909,0.01875393909196145,0.004753330530978311,-0.01257221700988885,0.004833463687909202,-0.0003906278027711769
-0.0008074327737094642,0.007919231267139068,-0.03099237475971768,-0.03002591655549639,-0.006618634834000092,-0.02896546898305507,-0.02068913510081044,-0.003625426955636674
-0.001558267900911562,0.01359681016783076,-0.04461839857805829,-0.03588473058542809,-0.003149055799772735,-0.03545018178965902,-0.008014099373095768,-0.005943583408698026
-0.003218413999587679,0.02322315627588674,-0.05797801959198575,-0.03589427087037652,0.005286903473613797,-0.01886250171914834,0.01733783936592539,0.008221309777779332
-0.009226397967618221,0.04694399616213529,-0.07137224854009107,-0.01624885874170628,-0.01379092396810067,0.008688175070664406,-0.01101270448143522,-0.009914173310217839
-0.001074400212199074,0.01013511664550181,-0.03680154412409501,-0.03242956253400947,-0.005658100625402633,-0.03345375671070454,-0.01822367209725016,-0.005128859363049152
-0.009483415404584847,0.0477503235657265,-0.07139618610590769,-0.01502504498710867,-0.01468150611806775,0.008428873639977446,-0.01215180376799472,-0.007764449951692458
-0.02893935763327288,0.0857097215540242,-0.04962046783568849,0.01994117948528413,0.02409737509833958,-0.003444044487616633,0.02595366064289088,-0.004378145011717373
-0.002466842494710844,0.0192007689147921,-0.05302808845873881,-0.03643739995688808,0.003274725654149032,-0.02672474583332773,0.01214494703894813,0.005105328044039653
-0.2024310141051167,-0.06512193645747605,-0.01747058755528081,0.006003869020499233,-0.03232402578927252,-0.004875341027644097,0.02550209466786654,0.006025257577736549
-0.2006396119190117,-0.09694596316311911,-0.04822945547217268,0.02977200948060892,0.01812129952273307,0.001971862856345424,-0.009506357387249068,-0.001549182526235958
-0.0722974541762991,0.1070335753989501,0.004218803850799239,0.006650620723043735,-0.01704312768310225,0.03822247017423564,-0.01080963055667925,-0.03305058890826978
-0.152458447539164,0.04759738705400127,0.04336889048828232,-0.01970629011256752,0.03635023252776665,-0.01694581532152232,0.0005513273435698935,-0.003369881457109647
-0.01310847874063273,0.0582357648413748,-0.0715277102752659,0.0003682003380959983,-0.01993197790657162,0.001372734934133572,-0.02333495243458922,0.01931008204416729
-0.1985360414269702,-0.1041953693951104,-0.05717281608699726,0.03795860385914129,0.03146819809022115,0.008069761402872792,-0.02132844482863627,-0.008679651091279413
-0.199100172006984,-0.1030419673149007,-0.05585158220452569,0.03749265607428304,0.02938292901979682,0.006443155785583845,-0.01961285152701957,-0.00746638856619148
-0.1442649610668842,0.05790199328942962,0.04218232136767122,-0.004873743379520787,0.04336760107962578,-0.03216670354882657,0.002208312621694675,-0.02087346916631562
-0.1996216347584265,-0.09977121316813294,-0.05110707803343859,0.03017219241287783,0.02243638671701751,0.005449171760704872,-0.01228267485834287,-0.003817375724231636
-0.2031934541550241,-0.08741131152401928,-0.03943949357062958,0.02940561113160715,-0.0004984485965028362,-0.007130278841028764,0.003485349223470852,0.008420462141681894
-0.1106819998305957,0.0922605805297376,0.02882727370058037,0.03110750400131444,-0.02050948432843286,-0.03171313336539445,-0.004934764593496513,0.01754257242362694
-0.02310398284482023,0.07793455168981156,-0.05929723529770863,0.02001985999630233,0.009968975899939883,-0.01249122684434781,0.01115784813554609,-0.004503808121770471
-0.1316981100660355,0.07232346072528018,0.03803016687227951,0.01613690747993349,0.02760855138907072,-0.04328176933528623,0.00175367815534347,-0.02142157583845746
-0.003744466523463996,0.02584426088069084,-0.06088681344852526,-0.03541318105130684,0.005385094017681382,-0.01366096845060482,0.01718443436342403,0.005153232468585215
-0.005355443689378452,0.03314070642892152,-0.06741592701733512,-0.03307122197503332,0.002000365959545774,-0.0002507496675894719,0.01123314213588596,-0.01495406896833434
-0.06491130771459541,0.1059714485819424,-0.003913781460228719,0.006166751057918458,-0.0005561977560127833,0.04034593635634215,-0.006859420812339375,-0.02005383088433496
-0.01836646327868056,0.06965541672988732,-0.06606148130655883,0.01405360959585629,-0.006243718649110231,-0.009789179235297103,-0.009253914032645723,0.01133836268965285
-0.1930094874052309,-0.02873529193080456,0.01337029963650347,-0.03427590185167874,-0.03607549673614725,0.01411969247737112,0.01237390419609155,-0.01354246644408514
-0.102119266149233,0.09856657021428471,0.02537377673074975,0.02900404033183858,-0.03470731025217717,-0.01747339153770019,-0.004721704464211553,0.01748289937137828
-0.1320561356722485,0.07197063478285562,0.03835422505405196,0.01496900593691039,0.02744557145394772,-0.04238995452232779,0.002327139176548111,-0.02080451966510872
-0.01900294518744999,0.07085459946979815,-0.06520099748176668,0.01515809427790416,-0.004012712711758917,-0.01074472898000387,-0.006527806653107033,0.008685398973739213
-0.001614805540029791,0.01397364147135297,-0.04530071070166972,-0.03601814042224803,-0.002736867862801883,-0.03513929629908271,-0.006436409460139858,-0.005518927531665918
-0.1694987932429715,0.02290860428581951,0.04110599160804622,-0.05059130188769773,0.02704907994025033,0.01226073648697151,-0.01309998640847616,0.02297684991693071
-0.1473122614948272,0.05419948045252615,0.04293940574225618,-0.01109376839084744,0.03959906506274403,-0.02548934731393563,0.002059663383745734,-0.01245988797916523
-0.08118729051210949,0.1062984629979605,0.01230478383174894,0.01270571431663014,-0.03239637570503155,0.02544173856942197,-0.007624480695638694,-0.02469472985129257
-0.0007657109476897866,0.00756068809010987,-0.03002491566900111,-0.02968007646147558,-0.006692801099011319,-0.02828488913793553,-0.0208630272294437,-0.003693830681491066
-0.002343863364336932,0.01849327470648309,-0.05209984451984501,-0.03643339907622734,0.002566966990443312,-0.02808409244761115,0.01023846180893333,0.003619914333687611
-0.1827934656734575,-0.003037659687015415,0.03025114704469435,-0.05225620860072947,-0.00701487116864686,0.02086317321562989,-0.009765164623230944,0.005678939724795741
-0.1970361037790628,-0.1066759138496548,-0.06001960266986465,0.03845143052122009,0.03549280572650117,0.01221331700277748,-0.02454313620958347,-0.01084327191266638
-0.2001207771130251,-0.1007671222960732,-0.05340939673116283,0.03704066816516207,0.02529566435886526,0.003303501290620478,-0.01655881922889617,-0.004965367510130204
-0.0005159195493840368,0.005285687106066138,-0.02308487371080032,-0.02578533107529131,-0.005558263075064078,-0.02262448175337651,-0.0147662770521132,-0.007566636209341079
-0.01574815672601612,0.0644606474035153,-0.0695917566987124,0.008486199877217153,-0.01492251880462608,-0.004319699005298843,-0.01945891480920995,0.02152572118420783
-0.1990607636997506,-0.05096052620444474,-0.003846341090416057,-0.01054920568073239,-0.02726722442178691,-0.002387276986307616,0.01230658547545034,0.002459078805385933
-0.06043912914209277,0.1058912300245621,-0.007075003105100972,0.002159040199245886,0.007971778377523208,0.04549222401375452,-0.00987035602922663,-0.01818757974186973
-0.09418740067631039,0.1027263670082571,0.02133950541672542,0.02399967150900905,-0.04047701318488861,-0.001492167385925476,-0.004534682961530614,0.005966653896417329
-0.02477349787181752,0.08042584631629623,-0.05665352681945478,0.02064696055633286,0.01476238704757932,-0.01120934519118071,0.01674922670773193,-0.006925561891055701
-0.05881942332793062,0.10552027567739,-0.008808067502178323,0.002189297122505948,0.01155137806629387,0.04530946238192871,-0.00846641694438355,-0.01380681786346243
-0.04125865857644261,0.09791500315876497,-0.03161270379658702,0.009869371020843606,0.03817872698444354,0.0277011780787693,0.02622374384885909,0.02131351170598519
-0.1738105361358851,0.01559691870298444,0.03886953525698474,-0.05444139181668568,0.01838798539834246,0.01756462259110439,-0.01443879947029893,0.02259391214378535
-0.005345518266665404,0.03309902013425824,-0.06739212287894111,-0.03310503367444506,0.002037500948101232,-0.0003157540892045145,0.01130001351930832,-0.01485570449462988
-0.1979752608292958,-0.04389117662750167,0.001322332612777353,-0.01864691107655262,-0.04333371346676498,0.006700894142374333,0.02575940825808282,-0.01078927583204606
-0.19824572828514,-0.10474755101948,-0.05781344812373747,0.03817881726998375,0.03244892316230023,0.008884599866444732,-0.02214697295296314,-0.009234573497048627
-0.1172226871963936,0.08640903833930418,0.0313122032239741,0.02951611866695333,-0.005303806519956934,-0.03860106032066103,-0.004290132786010194,0.007669082226870902
-0.0922941416075161,0.1034358663747487,0.02026201492482731,0.02247440754247901,-0.04052638810485681,0.002512022399350812,-0.00462212573502844,0.001936388165702932
-0.1337114462275942,0.07029883488071476,0.03963886928883306,0.01014486290482774,0.02680975846347369,-0.03855244961817235,0.004379900020089381,-0.01817021578576478
-0.202993885681501,-0.08869355784189141,-0.0406962316525289,0.03009326190600654,0.002078950684778632,-0.006436125670369392,0.001490223233921284,0.007319428474497187
-0.09808597432751752,0.1010056660420704,0.02346865849605132,0.02688276393123629,-0.03927741641240929,-0.009725583635377818,-0.004272816590848745,0.01333651780643891
-0.1005651587032844,0.09962086182379686,0.02470416183521092,0.02839026239570462,-0.03710623692676079,-0.01474335856924967,-0.004309120612625345,0.01669055498969181
-0.02677159141081283,0.08302179642140031,-0.05324202490755035,0.02049118090384118,0.01943473648760366,-0.00780243452429732,0.02158173290032398,-0.006478263407186472
-0.0464734974854279,0.1012647581192475,-0.02430478142348083,0.005787709829072161,0.0349407571544413,0.03733852920637595,0.01532512975597783,0.0196315540991052
-0.1306969545128744,0.0734044526974742,0.03794004631097258,0.01612621835196389,0.02436000277940017,-0.04206141929046367,0.002271833777675855,-0.01840864327663752
-0.006238848847926796,0.03682004502886342,-0.06945128993229495,-0.02992043438645425,-0.001371333351349277,0.005188403231418809,0.00560110013902377,-0.02232696167622279
-0.0118193075306624,0.05472450262141948,-0.07167468386424855,-0.004604456815322972,-0.0197140395543447,0.00420132976110465,-0.02103323732089114,0.01169234287843207
-0.04604258461490868,0.1010418689274011,-0.02490841696922988,0.006085355717341708,0.03544888383992984,0.0367402563899623,0.01638969316084034,0.02025748275266989
-0.002252355740478017,0.01795273046991044,-0.05138747358935625,-0.03644167533245832,0.001977208999057664,-0.02913399789077159,0.008645096450228561,0.002402108921105783
-0.001459992397171669,0.01293352902527102,-0.04332661051018391,-0.0355079927020991,-0.00379214775424928,-0.03572822561678216,-0.01059429927796938,-0.006380390520717603
-0.1718722740463556,0.01890264471219898,0.03981145948064096,-0.05211862384206118,0.02207605632021356,0.01478755993401199,-0.01348906390589741,0.02210753168497322
-0.1063525433743312,0.09566644193471903,0.02717848268682641,0.03061949050019436,-0.02888518821947138,-0.02523785936679892,-0.00467913959899415,0.01967217006886743
-0.1133045124954572,0.08999051978690889,0.02977523125001564,0.0308408205346064,-0.01470461941957378,-0.03488910957100182,-0.00493244510118615,0.01444919167236675
-0.005252512252291536,0.03271072656732037,-0.06715363296499516,-0.03337145066713403,0.002348985809844059,-0.0009748889045129861,0.01184823109806831,-0.01378518657434641
-0.004702044696322098,0.03031572373627011,-0.06525381376387328,-0.03433678192978578,0.003916880183413098,-0.005171175838887669,0.01431456771463089,-0.006378852450530306
-0.07287168812877791,0.1068824253923627,0.004540564723174919,0.007640923545250017,-0.0171543731532976,0.03674155849813301,-0.01075897102096027,-0.03084315316347032
-0.002990580299241116,0.02205416950365255,-0.05662347016566309,-0.03618863459887926,0.004991819252851119,-0.02120515018345311,0.01671157481001061,0.008258486420435666
-0.001509811627501078,0.01327238201698354,-0.04400581123339323,-0.03573703160140988,-0.003478926805011797,-0.03565216061218139,-0.009329010692767422,-0.006213010839368717
-0.00842260321258519,0.04433425913741514,-0.07109320418521999,-0.01998833781059358,-0.01055769513989589,0.009037323326052104,-0.007078622034110696,-0.01583260332722059
-0.2024437588137842,-0.08175062150963587,-0.03212825684459673,0.01694562902169651,-0.003249816974741515,-0.005395938057004146,0.004291856310168397,0.007280662049045534
-0.0007600862588394178,0.00751290349160232,-0.02989266539940387,-0.02962307103828381,-0.006698816888188531,-0.02818479678040847,-0.02086330374136093,-0.003707894606691634
-0.096435127993236,0.1017971286463238,0.02258569456002361,0.0257313898547371,-0.04016196623768085,-0.006279928949842885,-0.004304459777544447,0.01050055572919795
-0.003927941676627969,0.02673471960906667,-0.0618327181786224,-0.03525532922597725,0.005266765531509328,-0.0119301898734144,0.01685143639163853,0.00343015595056573
-0.04268497561760985,0.09895418815583149,-0.02958627936961709,0.008635927060394913,0.03793361534308145,0.03085873034181933,0.02368443041956078,0.02216413890878386
-0.2018037618238138,-0.0949021401780481,-0.04696167832101461,0.03336653338766366,0.01408559712980683,-0.002206341326261896,-0.007571767621319052,0.001399648811958852
-0.001717868118816082,0.01465131343767683,-0.04649830804550191,-0.03626085787653509,-0.001948925508577998,-0.03454096798478697,-0.003572916026679621,-0.00456925609877623
-0.03638418707155602,0.09373972944463968,-0.03858433738133622,0.01452964337829021,0.03553331005682307,0.01534093514895917,0.03117885446926007,0.01256317908855203
-0.1953639985914035,-0.108264385072893,-0.06125151926297152,0.03505914143284032,0.03508292564114317,0.01708243804618878,-0.02255023175627646,-0.009519498345683821
-0.132027757011821,0.07196228361270676,0.03802852500730468,0.01626419534220752,0.02891001990126176,-0.04386099090224545,0.001485722633999802,-0.02275423457730666
-0.07476947838958296,0.1071133954728009,0.006727930768346273,0.007609480149971371,-0.02268159388854598,0.03610475266234607,-0.0100858103799113,-0.03452720499267155
-0.1568029974195408,0.04134610154770741,0.04368472328075558,-0.02995523694589708,0.04123267734680514,-0.009609775388436284,-0.004790279308313081,0.003952844233139589
-0.001182653656974982,0.01095579634396345,-0.03885442746938037,-0.03344566228380742,-0.005213388248834837,-0.03456869052493532,-0.01653777579318943,-0.00575427914187128
-0.1946956838048479,-0.1093008566950038,-0.06289618157301555,0.03712994183526513,0.03794709669354534,0.01824789157247367,-0.02586042699814027,-0.0111891078287082
-0.001329112467693076,0.01201555601728344,-0.04131022423944555,-0.03456961950755384,-0.004502477125459687,-0.03531518241322976,-0.01350075781397657,-0.006286100825084245
-0.01255398057055274,0.05676906663620116,-0.0716601039823304,-0.001683785338524965,-0.02010637147335363,0.002577739202081572,-0.02274631801904242,0.01653231902317378
-0.0133749601200181,0.05891775546247419,-0.07142533821171679,0.001304330521321234,-0.01970656316987014,0.0008069367041919196,-0.02339684903813936,0.02032801406367568
-0.02464084806289679,0.08023815291180263,-0.05686933191000183,0.02062411001148534,0.01440145454893797,-0.01135815393766451,0.0163358500403855,-0.00680813985366602
-0.1798548196562915,0.003615658618260268,0.03378991690437003,-0.05492821348004635,0.0021635130866702,0.0213158036971327,-0.01286798676254548,0.01339145025441537
-0.06941096902823399,0.1070792075358224,0.001727657057499453,0.004448039067234517,-0.01205320455662525,0.04183720854184354,-0.01141620639355063,-0.03414452574567326
-0.16587564696455,0.02847518808417579,0.0423256914531415,-0.04576141707782343,0.03257390728914395,0.006701739491899921,-0.01106818074432917,0.01989234419198517
-0.2034992203903974,-0.07733737514174643,-0.02932765382077773,0.01996486480152654,-0.01755365970433473,-0.00825927841423638,0.01629639684681127,0.01117180340188457
-0.003669240418917061,0.0254767805608794,-0.06048804913976353,-0.03547258588988753,0.005408610170490028,-0.01438622430759488,0.01728098009190313,0.005777109564437694
-0.07303211671763242,0.1071689765215078,0.005103344246747995,0.006442154668500696,-0.01941935162567039,0.03828365522270658,-0.01059429930500483,-0.03530937687118715
-0.196152253417846,-0.03791788227988156,0.006218274518831115,-0.02512371727193677,-0.04164679859480161,0.009862220092425593,0.02119739099462513,-0.01319885237707088
-0.1713956025461425,0.01946196939886096,0.03945525605142157,-0.0483442033750488,0.02106983232536567,0.01183286961954373,-0.01155494294396443,0.01747431004095627
-0.00203390981892785,0.01665199104991393,-0.04964225900688279,-0.03655351431130885,0.0004762949427195101,-0.03172826087254263,0.004351500973191313,-0.0006043242094501884
-0.1293091247533163,0.07474073356954919,0.03682419622101105,0.01956673469661866,0.02336675645683121,-0.04399993633414096,0.0004806272400205445,-0.01834871219068975
-0.03114278789075621,0.08830077481803587,-0.04619365104110024,0.01882446108982391,0.02827610229830901,0.001590552545677299,0.02913969726667094,-0.0004523007386306776
-0.1954538746208012,-0.1083470603428302,-0.06162138254916397,0.03650763396045607,0.03636914432286913,0.01651157548805839,-0.02424322682808721,-0.0105696805781778
-0.2006126893035334,-0.05426397950235379,-0.007619105526117445,-0.006639907813593719,-0.04152353960789676,0.0007433670193701926,0.02944326023663246,-0.003194790137015673
-0.2016027873152025,-0.05987414691464696,-0.01259789714898637,-0.0001450405925079098,-0.03660818964043829,-0.002512052483467915,0.02710239775494536,0.002184435078386264
-0.203207662976272,-0.08249954509753722,-0.03406581785973826,0.02318315931480116,-0.00751636881513295,-0.007468233849716541,0.008545147847487018,0.009609218929302478
-0.1724582518544862,0.0179212599891852,0.03954962037852931,-0.05289814672429805,0.02104826240915268,0.01568295136209837,-0.01382653995112734,0.02240470898161957
-0.001269586406372116,0.01159475980431977,-0.04036563892570545,-0.03416404811797035,-0.004802911787663422,-0.0351108397325215,-0.01480804846832403,-0.006123508612802015
-0.02569011834791891,0.08168114374002658,-0.05509804761281423,0.02074919333637905,0.01709318963262836,-0.009947860749927437,0.01932260470027465,-0.007339472657561632
-0.01526688479986506,0.06341461431236101,-0.07008762679503955,0.007219822552505329,-0.01623114623858697,-0.003233673824868188,-0.02078521432155835,0.02239175784570841
-0.0967730403070946,0.1016430573704077,0.02277167867195512,0.02596956887241727,-0.04001547953188577,-0.006986820900937009,-0.004289894710265798,0.01110633691123059
-0.06629472111329708,0.1067967630508555,-0.001200088049501572,0.003197938036476617,-0.005297259964951774,0.04396068172816977,-0.01171423558488597,-0.03053768416017225
-0.08618869218590816,0.1052144716412001,0.01620748472273469,0.01713017479157048,-0.03743259965967804,0.01548458875866173,-0.005912841627249462,-0.01294739549156015
-0.1311626869924719,0.07286039032455759,0.03764785982764345,0.01740470891453348,0.02724610579727201,-0.04402596392620096,0.001160097439287977,-0.02154366002912686
-0.005939068267363426,0.03571661822575108,-0.06893446933938538,-0.030980251801358,-0.0002898316317174082,0.003882311738892019,0.007251691496688291,-0.02092571899536038
-0.1950227659353752,-0.1091450010708127,-0.06287654356177587,0.03814440270072233,0.03866897718887952,0.0173544593574911,-0.02692751531077456,-0.01196779488991359
-0.02269753301095854,0.0771915762102155,-0.05993878772846068,0.01937187351572158,0.008335684763674767,-0.01189502392008579,0.009212230079836545,-0.00250437349052684
-0.18604328905586,-0.01082835678719931,0.02557292214895027,-0.04718031204889999,-0.0166516093613784,0.0187186608069545,-0.004820591769309156,-0.002780025780805877
-0.199512981333668,-0.1023028091063491,-0.0551535022028014,0.03786880703883409,0.02824561055304019,0.005159618655144184,-0.01901883375899917,-0.006753026920117931
-0.008326246473709359,0.04401384564453707,-0.07103166999458566,-0.02041901989544918,-0.01014111148235862,0.009040010842407962,-0.006573946576004652,-0.01644834791430236
-0.1455718992455471,0.05628244702222097,0.04251706728391563,-0.007536884033687311,0.04337106332012842,-0.02987365791997125,0.001866541911347917,-0.01844049065461894
-0.2024362706399095,-0.06473751200258571,-0.01718679907989468,0.005818394757692165,-0.03345071673228395,-0.004693630803717848,0.02656909705026936,0.005599332867612283
-0.1324777481759361,0.0714894794085127,0.03822179458355808,0.01564740221135647,0.02974778590415015,-0.04373568283470819,0.001647375230118049,-0.02331136524128536
-0.001256431540671884,0.0114980236064029,-0.04014614355637498,-0.03406837055161373,-0.004871057323076303,-0.03505738593809456,-0.01510371552581576,-0.006078984456746166
-0.103227050248046,0.09780156766815377,0.0258523116122659,0.02937420046180858,-0.03292958860247053,-0.01937914427636622,-0.004949222086644397,0.01785837896746802
-0.1230265973929581,0.08084094492567213,0.03381111560876809,0.0257854500869356,0.009116161526023318,-0.04223868328503116,-0.002361367561736159,-0.005166330943929175
-0.01052029889580624,0.05092556635929187,-0.07152065462984801,-0.01021112147590859,-0.01758589607694724,0.006886409615968184,-0.01648630228747567,0.001221121552197033
-0.004881809620721198,0.03111958843553307,-0.06596935597483972,-0.03412739288379915,0.003464330268397875,-0.003746170128726238,0.01365581481094981,-0.008930996205955964
-0.1861301164473357,-0.01100145596923621,0.02557257272822356,-0.04800213141152279,-0.01739623638842872,0.01956180434862032,-0.004550608791755798,-0.00264557046631386
-0.00512570527157871,0.03217284238676219,-0.06677809140776905,-0.03366517246514857,0.002748727512841339,-0.001907389829094731,0.01251997317324551,-0.01217559326621666
-0.2014844543723356,-0.06180377207099166,-0.01378224007862628,0.0005400498065756326,-0.02852958195236284,-0.004265555639620553,0.01904640110348253,0.00571482107059185
-0.2024530195413546,-0.09219360428942187,-0.04427724895261397,0.03243224438233582,0.008789163787864524,-0.004503301982174641,-0.003663253905722617,0.004312926337047143
-0.1983760958688595,-0.1043900698552482,-0.05732395282475698,0.03763221783429651,0.03162768525027439,0.008558437643650814,-0.02127102996044054,-0.008770159125553272
-0.039586306584639,0.0966064769588855,-0.03401227771149709,0.01140338015481693,0.03793731594272209,0.02363745556453706,0.0287580795863305,0.0192649418753845
-0.1961298079210071,-0.1077463991760922,-0.06114927890428053,0.03782330749011525,0.03661863012302677,0.01461647042631494,-0.02508776256710567,-0.01119541601824576
-0.07479899358661474,0.1071055481679532,0.006747663445349199,0.007646155486237307,-0.02270512780826016,0.0360399827255,-0.01007988315018734,-0.03443980177736786
-0.2017967520046916,-0.06551917986727865,-0.01687294625288659,0.003349450788879898,-0.02251716844629521,-0.005582342236695503,0.0148031151387546,0.007871225137495825
-0.0900329430983217,0.1039299814082456,0.01855622318959555,0.0206788480813717,-0.03766105228132551,0.007467490868870852,-0.006419690594335645,-0.003845014496578596
-0.2026867335579681,-0.09100790911307909,-0.04309510339610623,0.03186182733682069,0.006429124792649295,-0.005318849119882759,-0.001872346624376858,0.005490068586532164
-0.1883319420935461,-0.0164760864973021,0.02204431054175019,-0.04422782399830978,-0.02383697863742656,0.01810700804047525,-9.636973610589784e-06,-0.007354915212094382
-0.03916934842425161,0.09625066463892129,-0.03462357944250427,0.01182799863468838,0.03768845687322969,0.02257791528128925,0.02923336086014846,0.01846338155992519
-0.0470811464437282,0.1015510003697071,-0.02346371195703325,0.005457972012794477,0.03405480447682038,0.0380467650703768,0.01379503525270954,0.01841619747572553
-0.2022786037866863,-0.09343992650209237,-0.04565875696469474,0.03366472091736063,0.01112051905344899,-0.003885344336228117,-0.005554298421325228,0.00327807444027613
-0.005932378519562065,0.03568866736498339,-0.06891805412784614,-0.03100148155665233,-0.0002709274372964438,0.003836341275963229,0.007284613280787909,-0.02086405845780998
-0.002851716532635437,0.02132710083764653,-0.05574678475547462,-0.03631464967330143,0.004721487410222109,-0.02263577652534444,0.01605132603720785,0.007960689059514758
-0.01584033521692259,0.06465941185893304,-0.06948727904918196,0.008729557402122789,-0.01466455082498539,-0.00452984334605808,-0.01918307058348253,0.02133217776317426
-0.1952957573159589,-0.03530102055452304,0.00830808256868309,-0.02781464419628701,-0.04038534262898594,0.01113245615803694,0.01877970800528744,-0.01373364167886417
-0.2015084712787866,-0.09662302874562914,-0.04899091909007613,0.03540969834009401,0.01735933912582304,-0.00128276555216904,-0.01041827693673003,-0.0001392046674572456
-0.00180465618687099,0.01521887081240727,-0.04745948936941859,-0.03643786520009686,-0.001251275358107815,-0.03395328297331009,-0.001200145736163839,-0.003581306281059233
-0.02312124273345017,0.07778932057715414,-0.05930764468294299,0.01937661465036437,0.009396339829018829,-0.0113332209685025,0.01042343977891136,-0.002667767397722089
-0.0007485737717370958,0.007413458260657545,-0.02960821166473844,-0.02947754585006814,-0.006700630003213412,-0.02795129980773048,-0.02079815200717546,-0.003739447342611324
-0.1351983194739278,0.06857061095731162,0.03932243899264333,0.01161836598271532,0.03427783583264482,-0.04243015090005033,0.002407437297637717,-0.02560280391563963
-0.1867194171526537,-0.01245932914853422,0.02468647336675308,-0.04740974337556101,-0.01944116198620087,0.01958017635728095,-0.003284524544724741,-0.003960563731540774
-0.1760336401350431,0.01135809336803639,0.03713076942987442,-0.05448993476080819,0.01264085704880801,0.01883182630302443,-0.01402311500959389,0.01919250419461568
-0.002561756811878741,0.01973830429336272,-0.05374046166555833,-0.03645266881727204,0.003729517806221517,-0.02572839197509327,0.01341224534390486,0.006070668441744448
-0.2011196673440872,-0.05671568963547229,-0.009816412560840974,-0.003714738648356544,-0.04019969992048014,-0.000623606183260437,0.02940255420162587,-0.001094322149303899
-0.01455631171248955,0.06177732496813616,-0.07066229217702323,0.005129883362341458,-0.01779943789182218,-0.001676385658349109,-0.02213731777389389,0.02243659830445199
-0.1486666607608366,0.05228066773905157,0.04310462906755011,-0.01374913536008416,0.04428034281085383,-0.02480942381524162,0.000413222436647199,-0.01333453977576693
-0.003015581477216588,0.02218951383636976,-0.05678635357553355,-0.0361666402572265,0.005063430755671068,-0.02092999285238656,0.01688006480870535,0.008378005713903602
-0.1709543214285298,0.02054489314386593,0.04046557662941861,-0.05215964495977669,0.02439090231904661,0.01425687700990373,-0.01370669562484039,0.02339960822722882
-0.08389788776744149,0.105780627354175,0.01449780778971417,0.01505454088862622,-0.03560130190509695,0.02019744734915812,-0.006523398059096113,-0.01865623794415937
-0.1298366121503326,0.0742097118776716,0.03703986570883187,0.0190723100281147,0.02461975700286131,-0.0441431072293381,0.0006183559510583379,-0.01945262034299586
-0.1956412694972325,-0.10845689053267,-0.06206948078100163,0.03827181039270167,0.03786752099962649,0.01583726835376852,-0.02632159825198755,-0.01179208939636922
-0.2027919782318516,-0.07196517461316058,-0.0234689115824577,0.01174707763506392,-0.02069031782128617,-0.006874138449046056,0.01664377273705825,0.009487961213662702
-0.002275796609242048,0.01808833497488332,-0.05156359655960437,-0.0364461614682626,0.00211022068339404,-0.02887535335993067,0.008991832260815147,0.002685584011899707
-0.09590927914902968,0.1020306377766419,0.02229766831816712,0.02534911869617541,-0.04034394875803216,-0.005176352933861639,-0.004333962265193952,0.009521801584932377
-0.02958484021441546,0.08651680166102928,-0.04854661620811115,0.01978914611840946,0.02551725842285489,-0.002139760684968225,0.02729698569438964,-0.003686594939978298
-0.05129188429693215,0.1032847722559717,-0.01768554163035527,0.003444694014564053,0.02713911278994846,0.04208798446472607,0.003347958726103086,0.008273912070088161
-0.002556489565945597,0.01970706754021382,-0.05370001318676386,-0.03645327385876057,0.003700846458611085,-0.02578873374641561,0.01333464596708409,0.006009955740270921
-0.169249277074916,0.0229296849204589,0.03993919615064224,-0.04276078521676644,0.02231744250261805,0.006771391663860491,-0.009044701707511904,0.01279823718713047
-0.1241481300534729,0.07999754014098891,0.03576588730990131,0.02037697583098922,0.01002910217454375,-0.03873276276254627,0.001016723957016176,-0.007203426056708717
-0.01600304633671736,0.06499736106014614,-0.06928147712036287,0.009131807354283305,-0.01418181703243083,-0.004904985040314573,-0.01864848825264817,0.02087817699109033
-0.198033524174465,-0.0441112182955554,0.001149291379976116,-0.01838570819127226,-0.04315467896076025,0.006499075529690107,0.02566046333276097,-0.01051498353594685
-0.002583438673952767,0.0198629115720951,-0.05390226029646867,-0.03644878711377077,0.003828225931098115,-0.02549123802171487,0.01368419999969359,0.006277261768674968
-0.007137000312378507,0.03992347882259979,-0.0701749359182927,-0.02589182742543327,-0.004916567795533598,0.007707199052463694,0.0002065668411354169,-0.02189000560423633
-0.1992228000923111,-0.04926963344145453,-0.003054828298038615,-0.01238568844192312,-0.0389256559547279,0.002361452347430225,0.02343629703495471,-0.004581732981992831
-0.04355359196161553,0.0995523728951392,-0.02837967125045477,0.007955082409859352,0.03752805984930618,0.03259662655908532,0.02198177799015017,0.02216683538420643
-0.05099714952754029,0.1031746476540148,-0.01807770664872184,0.003556029830138252,0.02767328265825811,0.04185768161144891,0.00403268199860137,0.00907979944910486
-0.03772743254911814,0.0945359638416879,-0.03708683299065448,0.01366440687945605,0.03384259019319544,0.01837429985006697,0.02843165240690233,0.01226831130417036
-0.09675443334029506,0.1016068020221581,0.0227268727278537,0.02592604437629075,-0.03957813786850176,-0.006857810316724087,-0.00456122713456341,0.01078211885229968
-0.1914415534225543,-0.02464173042093476,0.01626649893255271,-0.03589207412137351,-0.02947145946269786,0.0132182922371761,0.005686267010530734,-0.01081755529883072
-0.006682449919317049,0.03829972047169884,-0.06982005890624089,-0.02806849505397053,-0.003042793132526281,0.006448000703274418,0.003029839894365099,-0.02254333324556827
-0.0980573984794023,0.1009433610899747,0.02339441897014169,0.02679739928818364,-0.03869965199957657,-0.00951176799728031,-0.004628436258050442,0.01281929198545699
-0.005403437697563134,0.03333519544978598,-0.06752790408655285,-0.03292250358662371,0.001839424525985902,7.590997739765326e-05,0.01093755085184743,-0.0154621020766139
-0.1338585234683576,0.07001968394756319,0.03879027294076525,0.01367218624964919,0.03215931112489137,-0.04319425518035291,0.002067395927003864,-0.02470372566177199
-0.06236732952367078,0.1062014282794562,-0.005181893427197292,0.002555822581490147,0.003621920851587515,0.04502395003147901,-0.01043577784456136,-0.02235964216434657
-0.1266946800034252,0.07733114655822064,0.03565945650014368,0.02215892682087708,0.0175148253044061,-0.04338533099558657,-0.000495324644972264,-0.0131045458454962
-0.009018917745328127,0.04628494598238952,-0.07133317934280398,-0.01723098000288541,-0.01302004582022192,0.008861466942861001,-0.01005227824746761,-0.01160300790495113
-0.1511131686584122,0.04929442544364377,0.04335783080083869,-0.01782170703109746,0.03900863398616403,-0.01947430923302449,0.0004270501336529851,-0.006333974412928787
-0.1155488631455415,0.0879197264192626,0.03114469109512526,0.02826768050690846,-0.008354944786894235,-0.0353055081684412,-0.004112706434113136,0.008419209571434364
-0.06867641366263,0.1070130027861998,0.001019470402833665,0.004177892811756829,-0.01042370017844805,0.04232545386121528,-0.01148123020698359,-0.03327129425088188
-0.2035370003060323,-0.07837460376369727,-0.03038409912682431,0.02115207618902656,-0.01610408838165265,-0.008355229054821493,0.01529044660710696,0.01125498058359249
-0.1796813336367663,0.003895403375956576,0.03379522731577798,-0.05404918449499729,0.002507943711725654,0.02048219026934829,-0.01258845667238784,0.01268260839022545
-0.04473745087408171,0.100305072816193,-0.0267367526963508,0.007037989108597052,0.03671473416440539,0.03473632916160143,0.0194484816794538,0.0216313097596463
-0.1732666649956954,0.01656781140350351,0.03920326027864696,-0.05407008238934092,0.01960171615254568,0.01698342852825506,-0.01433952976870759,0.02288477939777498
-0.1971630523028579,-0.1064793814231682,-0.05978432320409013,0.03839114953073774,0.03517666410312309,0.01187307840685479,-0.02427073354041698,-0.01068301689328898
-0.1966894317519183,-0.1071499741162344,-0.06056040037769127,0.03842339324093551,0.03615763335297383,0.0131385435116131,-0.02503932290147799,-0.01114963908312122
-0.1339136277133463,0.06996125433992788,0.03881253677415175,0.01358973039109373,0.03224864388895905,-0.04316574354225224,0.002081979781769426,-0.02474733463979642
-0.2033160852201167,-0.08565582981222762,-0.0376245625794667,0.02778567477592378,-0.003588319444801538,-0.007586737235663631,0.005846554626740708,0.009334839591845667
-0.2026383803183803,-0.07459048822023807,-0.0255107507662304,0.01237808434624276,-0.01428521496691501,-0.006744369864539388,0.01143686014255032,0.009355573651379992
-0.001790099848756651,0.01512159936451092,-0.04729755232530978,-0.03641294767722573,-0.001371442164463217,-0.0340630455434816,-0.00160118686886191,-0.003759136469851447
-0.01361515919954951,0.05952365356923379,-0.07131349721927323,0.002132296993592674,-0.01944592794677901,0.0002975849606880928,-0.02334927505225552,0.0211232869364813
-0.01041860565144295,0.05061495960198441,-0.07150833515675686,-0.01068526559757988,-0.01729054639068514,0.007040684302920402,-0.01605228719441474,0.0003197651249423724
-0.2029134992258902,-0.08953698272844317,-0.04159046365806721,0.03087954869142111,0.003582516452776918,-0.006127038166551311,0.0003252359828789667,0.006763089217882894
-0.1796637448778395,0.003901078215093866,0.03375500375470339,-0.05374516164533812,0.002507036928885977,0.02022226054844972,-0.01247927350928561,0.01236752387070398
-0.1979733127939747,-0.1047729537065281,-0.05752688740889363,0.03645143482146371,0.03164002156635128,0.009811897418211528,-0.02067852120269326,-0.008726013497151408
-0.04153396557233136,0.09811729845642413,-0.03122079150721247,0.009640621847392799,0.03813159082939954,0.02831514328335099,0.02574654224189414,0.02148049221821169
-0.1748978474932389,0.01359612960506805,0.03812591566369363,-0.054946277977555,0.01579589864444644,0.01857266958215842,-0.0144797785850712,0.02162348188963934
-0.001474547143259311,0.01303516419440697,-0.043539001440385,-0.03559246550674566,-0.003704108456265471,-0.03573409023366698,-0.01023800255339513,-0.006349655731429446
-0.1967139642384843,-0.1071030750353604,-0.06049511718583087,0.03836388106939981,0.03605785579919249,0.01307615652546943,-0.02493068538778754,-0.01109415109851585
-0.01938303153241961,0.07155516935116088,-0.06467345639612673,0.0157649651928637,-0.002674434645683843,-0.0111905263452452,-0.004850038824041922,0.007154859722902399
-0.03752773566074145,0.09483917474762012,-0.03694426980311565,0.01339750406656712,0.03679729019819018,0.01837881869364358,0.03082976358419345,0.01544089651462993
-0.05943990459924637,0.1056784061701229,-0.008115254755932803,0.002103397500539915,0.01020479811560743,0.0454805694166693,-0.009187329812413962,-0.01560751927928859
-0.1707828638439335,0.02079877652936579,0.04049247271272623,-0.05177272908183279,0.02458314070189465,0.01389334379151691,-0.01350197324018591,0.02307348864288111
-0.006947227115852036,0.03925443743707335,-0.07004314506024677,-0.02681025150184848,-0.004131257164294425,0.007249512486709177,0.001363125349162706,-0.02234404487155144
-0.009988460619529845,0.04930749187895091,-0.0714491381505169,-0.01265527332857805,-0.01619702506439403,0.007751115428168884,-0.01429558008642356,-0.003397190482499477
-0.1975176902137938,-0.04235621857678315,0.002619329211516476,-0.02030778606372381,-0.04269267133847508,0.00737817933801731,0.02427948672713175,-0.01127749764388586
-0.2034517371584981,-0.07659117117473793,-0.02854884145599423,0.01900266256642079,-0.01843977217932824,-0.008136841588065921,0.01685954705247287,0.01103231653767452
-0.175783601125079,0.01189471678408019,0.03742822715057171,-0.05500063961495842,0.01349020412254628,0.01910151985997677,-0.01431940752758613,0.0202848220653134
-0.0839523878418644,0.105761139018656,0.01453292644057624,0.01510705203286891,-0.03559881581333572,0.02008059689213921,-0.006534569435197288,-0.01850453709241214
-0.001193674740134068,0.01104004745520086,-0.03905712349744545,-0.03354331601403868,-0.005161139811990707,-0.03464590443508609,-0.01631598917495697,-0.005804626063209452
-0.2029812719377862,-0.06924096919109407,-0.02149021340970877,0.0111531954759433,-0.02870060946961896,-0.006422416089926926,0.0239339666201337,0.008461930907920634
-0.200063184160424,-0.05191465306468415,-0.005534967619455546,-0.009422176925105948,-0.04214816627463109,0.002027265179891334,0.02877223531657489,-0.004967905466700019
-0.2034598766100654,-0.07601636873995282,-0.02803639037518619,0.01861902901391937,-0.01957337770307854,-0.008125605343054584,0.01775677657707826,0.01103609628404937
-0.1945774351092242,-0.03317087570665937,0.009979372568426422,-0.02996805558433052,-0.03920697575086923,0.01214987820799461,0.01678552700744676,-0.01395452856622246
-0.1094913269968864,0.09320487648874531,0.02838897393678513,0.03091477327947381,-0.02271874108081865,-0.02984911516590121,-0.005002165998604972,0.01807185176024008
-0.196597586546749,-0.1072747778590168,-0.06070428155484623,0.03841942353909605,0.0363313886564791,0.01338344287380901,-0.02517306107570101,-0.01122765231142547
-0.04592422412333397,0.1009780341770526,-0.02507568209881166,0.006168771155364566,0.03557375489332933,0.03657102595366768,0.01667780555331852,0.02040561116523145
-0.2014368860173825,-0.0610092745974681,-0.01316659270468277,-2.120932717309308e-05,-0.03028495016252583,-0.00381749985352536,0.02050647234983334,0.004932532486348784
-0.01219276983628598,0.05577744375987233,-0.071688567721371,-0.003092900160391293,-0.01999604443500083,0.003370028199246657,-0.02201904286369472,0.01430709563927278
-0.09498278741332972,0.1024252638361203,0.0217966472525463,0.02463133559143553,-0.04055433012157054,-0.003210661203791369,-0.004376674014919387,0.0076948770604195
-0.1380849498835838,0.06533138061449593,0.04038304231915751,0.006753176915131382,0.03817161643652002,-0.04000060265213292,0.002864631019940118,-0.02598981961525854
-0.05421770584790069,0.104249416943558,-0.0139811774323677,0.00266091264792879,0.02137855268291016,0.04381754908541367,-0.002532773027092277,-0.0003218788586487706
-0.1696516851301679,0.02259976849194629,0.04089072541570949,-0.05003197036801797,0.02627193548529828,0.01201965740821107,-0.01268084221827205,0.02199139700113354
-0.07643354878362112,0.1069827113004782,0.008246703510263353,0.008837787078351542,-0.02559115472105454,0.0336908595807831,-0.009491499898332041,-0.03290087767374734
-0.1070842162095601,0.09500378322772855,0.02746966564751109,0.03024471713136441,-0.02644305182731298,-0.02568607839436387,-0.005288473403863368,0.01795964538321378
-0.03509924601922019,0.09252840078600387,-0.04036667017732828,0.01575493045228799,0.03431217113261499,0.01190112378455874,0.03156366496993082,0.0094891987832903
-0.001040203594886087,0.009864222188727043,-0.03610247536970706,-0.03208856601870835,-0.005800749793558463,-0.03294301141301805,-0.01863791498178085,-0.004863610283375922
-0.1975350646272063,-0.04240609768543401,0.002573982875474239,-0.02026333364509014,-0.04279494838536056,0.007388177042579152,0.02442284170998284,-0.01132167364527127
-0.002684948904303466,0.02042330138166318,-0.05461480479951866,-0.03640274865533656,0.004212425420741165,-0.02439483530130352,0.01472236988679673,0.007049725738865659
-0.01552762617060938,0.06398921147348094,-0.06983654571384258,0.00792087620527499,-0.01554228102479524,-0.003822584541083726,-0.02011061967909826,0.02201457825770218
-0.2000617207062495,-0.05182689888376688,-0.005467882400687354,-0.009540459882625685,-0.04249010783505099,0.002157583858039171,0.02915157043134764,-0.005214306842610118
-0.005525273156144718,0.03382752403520501,-0.06778333372371115,-0.03250133422217111,0.001406786923488646,0.0008778303794761848,0.0101347011400357,-0.01664940551698167
-0.1924146778119316,-0.02710894832652194,0.01458348180426947,-0.03579407589812256,-0.03478486053232469,0.01481202445419101,0.01072236719796125,-0.0131618827118166
-0.07817811761741235,0.106756954029778,0.009758235585505697,0.01026320834553626,-0.0281766573952025,0.03077740379096329,-0.008883841292168983,-0.03017046737555003
-0.02197127128298268,0.07611515429952968,-0.06101077522759508,0.01921652191115657,0.006356497803445516,-0.01263483393571054,0.006847049066171359,-0.001761273046485688
-0.0441825683971569,0.09995946972283473,-0.02751071766641388,0.007455098058004731,0.03713779918931312,0.03378177567616866,0.02067213645995845,0.02197831030984611
-0.001249780933534904,0.01144551433768679,-0.04002348404292348,-0.03401321335259853,-0.004905836029560017,-0.03501880652491909,-0.01525158482208374,-0.006051952824254517
-0.03418936523077558,0.09149494049005935,-0.04180576524376235,0.01636562264323867,0.03254960026036975,0.0095357586432231,0.0306216018481398,0.007028364155856487
-0.1006255439380017,0.0989992064039347,0.02438139899101206,0.02734881744615808,-0.03211467238904161,-0.01304958322666976,-0.00711616812976484,0.01207208649006017
-0.004805734229277095,0.03077654452592299,-0.06566424140694642,-0.03421825993860931,0.003657891146030902,-0.004357881745154108,0.0139441656197752,-0.007832013363164345
-0.1113132807708483,0.09170208667038221,0.02908215220245315,0.03087761347711087,-0.01892230563487365,-0.03228577460411893,-0.005010791807999643,0.01648478549514688
-0.08726849815483308,0.1049358289690356,0.01698957425993919,0.01808824933210003,-0.03824776392898447,0.01323107117270057,-0.005596388242078924,-0.01025534637602887
-0.06539875051987037,0.1066534982931363,-0.00215318234637559,0.003185122802355149,-0.003160403990820904,0.04407595088413831,-0.01135325576343121,-0.02837374532699003
-0.05818040239800783,0.1053718701908378,-0.00947195337971818,0.002173055220912349,0.01296144309813762,0.04524300263057304,-0.007976355555162896,-0.01208875740679381
-0.04864328503221583,0.1020950080698872,-0.0214945096815858,0.005204209131120477,0.03085754178315271,0.03905862645496218,0.01052525803491238,0.01361373095442848
-0.1987633853164678,-0.04672503908000465,-0.001067038233742552,-0.01546148604087503,-0.04340421513116034,0.005115605488184089,0.02732170478041344,-0.009034636790509511
-0.09675398204515712,0.1006480821217274,0.02201589931218283,0.02502281253856939,-0.03123526946857706,-0.004894938981115176,-0.009456337992794689,0.005525396678297023
-0.00611622198968311,0.03645248570741474,-0.06935463743323915,-0.03034410853332473,-0.0009658995845322432,0.004867291094985991,0.006226077923485294,-0.02208218692644807
-0.01365351670619749,0.0596205874028944,-0.0712934129180514,0.002263344578675248,-0.01939523576204802,0.0002199519042994632,-0.02332418628774647,0.02122852391857172
-0.001442193330420333,0.01280661005803238,-0.04305602811975247,-0.0353867601250213,-0.003896747534593806,-0.03569032920776503,-0.01100792623580014,-0.006400020719267212
-0.144985831121788,0.05702991075511092,0.04239153794761472,-0.006395228856841384,0.04299028137599136,-0.03072067843537608,0.002097042887020613,-0.01917180621785263
-0.008974653986549147,0.04614196955225044,-0.07132281666970967,-0.01744238749388002,-0.01284324581929248,0.008893196245232073,-0.00983560498608302,-0.01195525330189466
-0.1304633768067696,0.07357580882821464,0.03733558765400823,0.01827338176434087,0.02584661895734043,-0.04408240089205862,0.0008969550729951322,-0.0204379511755999
-0.004856145110850543,0.03100566340529774,-0.06587493596406313,-0.03416519650366002,0.003535944010401309,-0.003948790531604587,0.01376333264797489,-0.008561126184023738
-0.1256418299058734,0.0783323552746112,0.03505799254593273,0.02346583858624052,0.01529002167949837,-0.04329401427140016,-0.001196495024349664,-0.01101140011609897
-0.142388773303376,0.06040089901834199,0.04224626812780116,-0.003352515479224384,0.03431981099791926,-0.03036245005559619,0.004632269104684534,-0.01514402096874335
-0.01148327499804998,0.05375594991411672,-0.07165220951933789,-0.00603184527308894,-0.01926118696752737,0.004937291026003529,-0.01995146302768164,0.009078808699871838
-0.02136942124056513,0.07510059150427846,-0.06187864572675022,0.0186074767388439,0.004320303710438342,-0.01252880678811171,0.004282824531578901,5.820082961409822e-06
-0.01258088447682787,0.05683928169263081,-0.07165683412924666,-0.001582961704304103,-0.0201117882371926,0.002518670221053138,-0.02279310321960735,0.01668894271062756
-0.2026353307754692,-0.08544184817345712,-0.03639089147040984,0.02266087293360303,-0.0004917925193429578,-0.005501761780218622,0.003274998422572227,0.006900387442601305
-0.008742120917891756,0.04538898953911055,-0.0712512233431544,-0.01852877960366035,-0.01191366656626959,0.00900610536455561,-0.008707222777433243,-0.01369632749206178
-0.006530522892594962,0.0377575512716473,-0.06968834836634712,-0.02877693286916073,-0.002424319236024901,0.006005636354801991,0.003966319989707067,-0.02266009435641796
-0.1714233772052664,0.01967681870227727,0.04007244762248688,-0.05187741556848106,0.02305085572677776,0.01435659005968563,-0.01342735452176349,0.02237429548084087
-0.008423148470635612,0.04433429315340793,-0.07109017111328858,-0.01998529959393773,-0.01055521901432034,0.009024308421102748,-0.007074898215004617,-0.01580794494697201
-0.185598156288816,-0.01000430426942053,0.02552405313386958,-0.04272562793044184,-0.01356675463368377,0.01415346830713195,-0.00564143164300953,-0.004488220897448288
-0.01119829230241065,0.05293684937633047,-0.0716216019930582,-0.007220220328147132,-0.01891781882554799,0.005553578852174979,-0.01904932947011925,0.006917737674426011
-0.004362146191921649,0.02876782115108744,-0.06380776866590084,-0.03469689275419886,0.004641680941136692,-0.007987258648216406,0.01545362192475456,-0.001704269190021295
-0.06858313637570668,0.1067552331919659,0.0004851736489607024,0.005460742633386736,-0.008987390605249886,0.04067211514205593,-0.01056460445745957,-0.0290538522340478
-0.1998188858071755,-0.1015924361949621,-0.05437873057945903,0.03765386764726569,0.02692462885522613,0.004220632421764678,-0.01799170725189394,-0.005940491352088376
-0.001930232268589312,0.01601279206808989,-0.04871990340643174,-0.03658181297740525,-0.000282785865530486,-0.03287911531778912,0.001981188792484337,-0.001999220366518779
-0.001890193465705907,0.01576478287069006,-0.04834014317151558,-0.03655623124348427,-0.0005813332434083408,-0.03325609361403215,0.001013793902647219,-0.002512803530892573
-0.1754275555086701,0.01260216252338125,0.03775296009708688,-0.05522592877783928,0.01451001758185423,0.01909650855682119,-0.01449836864781055,0.02116786671822094
-0.03801221120068343,0.09527372918543041,-0.03625836582639482,0.01291002614658397,0.03717502323918951,0.01964127686477633,0.03047616290796377,0.01649858456183829
-0.01142487974847264,0.05359790187578011,-0.07164928077218929,-0.006250166311590285,-0.01925743166559707,0.005069267072866757,-0.01982512368696443,0.008721804322438036
-0.05007231387424684,0.1028301746581261,-0.01929645745133175,0.003876673061211147,0.02937080699970449,0.04113024532131966,0.006157948999446465,0.01163302786847465
-0.1359488891203054,0.06774292744586795,0.03961082239563899,0.01040774814289798,0.03540907887567716,-0.04190244092371682,0.002574409799470328,-0.02592691870195136
-0.1152992517291248,0.08818973842576108,0.03052989295934795,0.03031841233359549,-0.01000820925961752,-0.03694021034304606,-0.004713530192715097,0.01130843170316517
-0.1510375325535,0.04949577663836332,0.04332853726664423,-0.01732149333047322,0.03596604538503351,-0.01889280478943799,0.001481307423464997,-0.005083825996255112
-0.04335105138403977,0.09941734082273533,-0.02865785954174338,0.008114830676143239,0.03763908980394144,0.03220233592016827,0.02238638385636724,0.02219635016347904
-0.158662391759779,0.03879103394743511,0.04357898945598027,-0.03339792497420632,0.03985221062921978,-0.006163795636284691,-0.006046991049830245,0.007707350258400811
-0.0004565191511000692,0.004703887655973515,-0.02119704509916123,-0.0248017777647835,-0.004888409198098456,-0.02142335225360379,-0.0123143183718475,-0.009445611538041788
-0.1791300015385298,0.005165349730680625,0.03453578041412736,-0.05524101895219279,0.004341584327158601,0.02115593304639093,-0.0133578274693197,0.01501310097236562
-0.002007407664718864,0.0164882600915003,-0.0494117439775591,-0.03656931295471774,0.0002827079646618295,-0.03204171606806591,0.003760119985860259,-0.0009693889951069101
-0.0009395790342614968,0.009036629886924098,-0.03394232269343088,-0.03110617440525418,-0.006211594330396302,-0.03117719903323829,-0.01962284850423454,-0.004062149110416033
-0.1949122947851448,-0.1092523737003417,-0.06299911965428844,0.03808778143713133,0.03875543178729764,0.01761854043225766,-0.02697488330404567,-0.01195405079908795
-0.1995940289885822,-0.05041998085883112,-0.004137370247343421,-0.0111220959644975,-0.04048646913957568,0.00229656160474945,0.02586372045743829,-0.004883803501847561
-0.001358408973520288,0.0122217213201416,-0.04176925410684983,-0.03477438909732739,-0.004352243108009405,-0.03540940217695698,-0.01285669154983378,-0.006343357890095406
-0.01280656144352557,0.05744317422755686,-0.07161264110158327,-0.0007390943684529443,-0.02005968805293868,0.002021967001658288,-0.02307201189907838,0.01787649225302622
-0.004006383174458212,0.02710424164825688,-0.06219517095310495,-0.03515602063510589,0.005160262925533958,-0.01121646024593516,0.01660760459864967,0.002532832843889473
-0.1810206664464949,0.0001405115776830608,0.03051426536234382,-0.04142483984724206,-0.002470623428371474,0.01022770333145316,-0.008904441156401086,-0.002213363932030704
-0.04457147405757968,0.09959224823146894,-0.02751129559078208,0.009057065188941105,0.03299243386137262,0.03205788283727671,0.01996975178121895,0.01476264304412969
-0.106686602133033,0.09493706567439829,0.02736549124387266,0.02838418879404952,-0.02340929143934755,-0.02275373884487165,-0.006875662430335964,0.01323383704149497
-0.0006787719639112527,0.006796089793630532,-0.02774141776130611,-0.02829858565024786,-0.006552692171374726,-0.02615955497617669,-0.01945710899733816,-0.004088081278804095
-0.1613152432514583,0.03508556817053127,0.04330432130172741,-0.03830784407762786,0.03773250861383931,-0.001238977664095001,-0.008003402228768686,0.01287899019482626
-0.04730293883492612,0.1016695432766767,-0.02313788908273293,0.005286560644278303,0.03382060048048138,0.03835925089015511,0.01319637913411911,0.01812922945044034
-0.02555474035436488,0.08149807596712291,-0.05533677825743929,0.02073443818468792,0.01676000849331899,-0.01015270059306796,0.01896260857676964,-0.007308206203234967
-0.003526394680644531,0.02476686569734661,-0.05970484378531476,-0.03557649068381916,0.005410256379415078,-0.01578732063646464,0.01739337752333273,0.006798111620367593
-0.1556289321825894,0.04302506964897527,0.04363145465418791,-0.02719312615811801,0.04099189383338427,-0.01195665574192663,-0.003540624935410459,0.001254958766491344
-0.02609108693317268,0.08220078251091158,-0.05438906824712986,0.02073623279369037,0.01805053524439726,-0.009276353809364968,0.020322573792911,-0.007296510988182926
-0.202419027006359,-0.06447056472117511,-0.01696076407388455,0.005594658559057244,-0.03396469576843804,-0.004581682741314543,0.0269989882194102,0.005359373636681131
-0.1824706243160135,-0.002826306496712789,0.02944331862536614,-0.04475602561207807,-0.005599934965531009,0.01400884361202843,-0.008713448337016363,-0.0003558934226110082
-0.0148721896838946,0.06251980304650653,-0.07042458764129983,0.006097103665043878,-0.01716325358350167,-0.002360792568253045,-0.02162340286332828,0.02262891623987986
-0.1979277594303044,-0.04379431691152379,0.001435620802140132,-0.01869414791555115,-0.04265081071847186,0.006493979824253313,0.02491609261374876,-0.01034507093932277
-0.196658443319196,-0.1071928445190452,-0.06061015063949469,0.03842450665531107,0.03621899436507808,0.0132211483525012,-0.02508802098484373,-0.01117778360316266
-0.001458119316918994,0.01291932877523611,-0.0432959468780367,-0.03549458672539584,-0.003804104594583639,-0.03572435955385384,-0.01064165756342239,-0.00638214669072533
-0.03249824273831865,0.08982320520593004,-0.04415558374864505,0.01791117723700365,0.03061715787425863,0.004911090805579079,0.03050874863355135,0.002626125073621404
-0.2025844743403898,-0.06632839638611554,-0.01859602696173117,0.007373500517309031,-0.03104489347603983,-0.005368257577517387,0.02479565250906614,0.006838766792924475
-0.003479851891214098,0.02453265186838462,-0.05943997609353652,-0.03561520477945851,0.005386244082829825,-0.01624735899461197,0.01736848790957512,0.007002438377759661
-0.1853490192364926,-0.009160127816994853,0.0265590958554587,-0.0478922393930248,-0.01450692721985874,0.01880418760436936,-0.005991247253982186,-0.001388826793196067
-0.1993333047349121,-0.09992415593725514,-0.05091670648743109,0.02832689756035512,0.02236424934038973,0.006659809467251882,-0.01176339475663459,-0.003711454168506171
-0.1240262753751005,0.08011611441799144,0.03573028178513448,0.02040752653293597,0.009767307450866939,-0.03861291968424667,0.000990841182719649,-0.007014852977977161
-0.1986152677334692,-0.1020531644349871,-0.0534602183309657,0.03020688601152437,0.02550479291837521,0.008737388592881019,-0.01415415178929916,-0.005225350395783907
-0.1765466682254804,0.01043557311919242,0.03687448069135663,-0.05548940817228883,0.01162053604099442,0.01992510036875175,-0.0143446953520749,0.01970702333614545
-0.03290943276461291,0.090269529136601,-0.0435491148313709,0.01760692585132626,0.03125554828446563,0.005969354548746975,0.03078243881473592,0.003654497225505033
-0.02391677770100685,0.0791726945569978,-0.05803057171852789,0.02038229743343202,0.01236422192741307,-0.01199724583486442,0.01396900587771852,-0.005892242878657898
-0.07634975758441048,0.1069715686730524,0.008147629890540291,0.008818475440474052,-0.02532971846091253,0.03374702662824482,-0.00955731740857118,-0.03280140702322779
-0.201956260744415,-0.0949437006898267,-0.04724616685814326,0.03464343986301084,0.01407747441009626,-0.002807776340186917,-0.007889527471931055,0.001743498830918595
-0.2000882780119249,-0.0519841901843735,-0.005600974884377189,-0.009345508765465225,-0.04227186483400629,0.002023343868839188,0.02897063643328314,-0.004994210771586997
-0.009400115771179373,0.04748653591494541,-0.07138935091137491,-0.01542567232034223,-0.01436818268266734,0.008497179068205827,-0.01177238920805513,-0.00844782219543538
-0.08905541495284106,0.1044565071458227,0.0182430291158652,0.01964689453905262,-0.0394935218069987,0.00945661239183068,-0.00506018062600309,-0.00580920579734305
-0.08270837027906923,0.1054881245476829,0.0127814846684759,0.01532568056808986,-0.02936098656030832,0.02126682575980503,-0.009795087142781156,-0.01805280740343944
-0.0007451790320017669,0.007383844752781612,-0.02952105471142847,-0.02942821021816652,-0.006698857373189114,-0.02787380092927294,-0.02076048411609197,-0.003749131543911645
